1.30034	-0.800534
1.16318	-0.393949
1.02819	-0.286599
1.04933	-0.197291
1.06957	0.000209513
1.06368	-0.258474
1.1226	-0.178479
0.836748	-0.0347746
1.149	-0.363751
0.811046	-0.500614
0.744413	-0.576698
1.75436	-1.25874
1.62766	-1.16614
1.72853	-1.4103
1.71875	-1.45496
2.02682	-1.88726
2.03177	-2.06003
1.76794	-1.66131
1.25578	-0.904153
1.22794	-0.841161
1.08094	-0.653522
0.849129	-0.334062
0.541337	-0.366833
-0.258675	-0.242964
-0.26608	-0.457343
-0.298507	-0.499186
-0.401502	-0.463653
-0.207983	-0.321013
-0.121509	-0.122706
0.82109	-0.734197
1.40546	-1.27111
2.10011	-2.01737
1.75895	-1.3347
2.44345	-2.27695
2.4487	-2.10513
1.80983	-1.09329
1.87623	-1.50204
1.98134	-1.62318
2.09486	-1.94327
2.05393	-1.78099
1.77161	-1.34567
2.17977	-1.98741
1.81164	-1.4415
1.74445	-1.47528
1.30572	-0.681752
1.21753	-0.500809
1.1592	-0.649181
1.08517	-0.778476
0.815345	-0.555509
0.686222	-0.361545
0.997055	-0.40083
1.01867	-0.347826
1.03925	0.0858534
0.530649	-0.0348756
-0.313973	-0.415019
-0.223296	-0.509639
0.357381	-0.200433
0.429938	0.102026
0.42979	0.172038
0.757187	0.177371
0.53885	-0.0601671
0.561545	-0.283484
0.537574	-0.0587254
0.673887	-0.0936449
0.686878	-0.123518
0.610687	0.182599
0.646214	0.110818
0.227305	0.342959
0.0228002	0.587223
0.541844	-0.0422075
2.01549	-1.62714
2.13983	-1.39052
1.98051	-1.32483
2.38937	-2.23931
2.49148	-2.2508
2.29595	-2.17444
2.74872	-2.81804
2.09573	-1.45688
1.78567	-0.857572
1.48059	-0.40783
1.36744	-0.417522
1.24091	-0.461031
1.55441	-0.783373
1.51866	-0.990256
1.03976	-0.347443
0.713357	-0.297629
0.40096	-0.361557
0.59809	-0.738723
1.02428	-0.731842
1.27668	-0.479631
1.52472	-0.705061
1.09477	-0.27064
0.865253	-0.251333
0.942817	-0.169909
0.434541	-0.403207
0.302663	-0.420032
0.128443	-0.883358
-0.0236819	-1.24814
0.0326446	-1.12665
-0.0923635	-1.24038
-0.171295	-1.24083
-0.128816	-1.19725
0.127995	-1.16601
0.388413	-1.2705
0.389731	-1.11377
0.305158	-0.905278
0.433785	-0.910122
0.576115	-0.882472
1.2631	-1.20486
0.712066	-0.424179
0.818675	-0.412634
0.790914	-0.466269
0.796339	-0.550618
1.06919	-0.665466
1.16922	-0.701182
1.00064	-0.504193
0.881529	-0.489746
0.98249	-0.480095
0.8907	-0.190374
0.837617	-0.350247
0.778083	-0.0378623
1.03128	-0.385581
1.13615	-0.538144
0.826458	-0.140234
0.822756	-0.242305
1.08619	-0.368404
1.09679	-0.378586
0.88775	-0.51478
1.41909	-1.19123
1.18685	-0.920818
1.54541	-1.30616
1.10983	-1.01929
1.06879	-0.725277
1.26823	-0.669903
1.36273	-0.657964
1.16283	-0.501597
1.42526	-0.846493
1.81209	-1.33114
1.83209	-1.63365
1.48197	-1.33236
1.32143	-1.28476
1.39922	-1.37805
1.26071	-1.52537
0.865003	-1.16201
0.425691	-0.885973
0.217626	-0.910449
-0.00370803	-1.05195
0.225033	-1.06802
0.00973418	-0.699365
0.0454375	-0.614349
0.429292	-0.68172
0.784584	-0.806579
1.13917	-1.08441
1.1233	-0.949194
1.05246	-0.619991
1.2555	-0.914431
1.02408	-0.524804
1.15525	-0.470476
1.06078	-0.496595
0.883955	-0.335551
1.06534	-0.25785
1.1111	-0.0536747
0.977367	-0.057253
0.761321	-0.0904014
0.934277	0.0624681
0.914838	-0.0931104
1.0948	0.152487
0.562166	0.46202
0.324163	0.525011
0.900427	-0.0472582
0.788703	-0.0900888
0.712277	0.208845
0.709831	0.282819
0.626813	0.189924
0.640925	0.341415
0.763417	-0.00803278
0.617168	-0.045927
0.672322	-0.0866683
0.617816	-0.0370867
0.15711	-0.0288519
0.762281	-0.758544
0.519366	-0.476742
0.137563	-0.167831
-0.058937	-0.107838
0.754581	-0.649153
1.70837	-1.51299
1.75933	-1.77616
1.75662	-1.73116
1.93837	-1.866
1.62808	-1.5816
1.54452	-1.47187
1.29302	-1.07629
1.05499	-0.749138
0.740393	-0.423673
0.46619	-0.411747
0.65444	-0.468837
1.09661	-0.725538
1.29584	-0.873769
1.54689	-1.18499
1.6962	-1.37362
1.52332	-1.24317
1.09117	-0.97361
0.547838	-0.80257
0.00320645	-0.785169
0.151606	-0.809758
0.321341	-0.89431
0.410487	-0.806814
0.481849	-0.728354
0.61049	-0.660932
0.69361	-0.576013
0.811665	-0.565777
0.935183	-0.618414
1.07002	-0.746652
1.1009	-0.814145
1.05236	-0.791782
1.01068	-0.748146
1.01708	-0.826391
1.16832	-1.0662
1.25293	-1.16076
1.32068	-1.18632
1.30976	-1.17981
1.30341	-1.12691
1.35992	-1.10286
1.63717	-1.37988
1.59965	-1.2462
1.58738	-1.16171
1.6198	-1.1446
1.18491	-0.635489
1.31163	-0.784224
1.1614	-0.753172
1.20645	-0.961696
1.07499	-0.873021
0.95637	-0.843014
1.19857	-1.14327
1.15694	-0.955666
1.44392	-0.977894
1.75474	-1.44731
1.21542	-0.53962
1.12745	-0.550764
1.19449	-0.201324
0.461687	-0.12156
1.31949	-0.847088
1.71108	-1.46634
1.60417	-1.50973
1.82136	-1.57727
2.10626	-1.74282
1.0794	-0.797901
1.27937	-0.879455
1.08015	-0.589416
2.06146	-1.7723
2.11024	-1.88156
2.09023	-1.72332
2.01052	-1.52897
1.64221	-1.12294
1.38821	-0.731574
1.42528	-0.69277
1.4229	-0.716537
1.54133	-1.30261
1.29359	-1.09185
1.43792	-1.21375
0.783111	-0.194026
0.963268	-0.749064
0.293564	-0.0852492
0.194346	0.259764
-0.352558	-0.0395407
-0.122266	0.0591781
0.105268	0.332776
0.414819	0.397851
0.259531	0.0239385
0.662601	-0.321803
0.587107	-0.257664
0.641117	0.072679
0.572608	-0.114314
0.58431	-0.0519442
0.744068	0.0376406
0.58477	0.0157718
0.725349	0.134066
0.276296	-0.31847
0.497686	-0.475588
1.80896	-1.74222
2.51886	-2.60192
2.23062	-2.16953
2.32691	-2.48459
2.22425	-2.42296
1.87884	-1.89872
1.49389	-1.39845
1.50092	-1.3576
1.23637	-0.872678
1.31783	-0.971135
1.57499	-1.31258
1.67039	-1.43058
1.76782	-1.49351
2.13324	-1.96664
2.42906	-2.28325
2.91235	-2.68788
2.55518	-2.11342
1.89798	-0.848398
1.66853	-0.221158
1.47414	-0.0919521
1.14217	-0.104665
1.8168	-0.759781
2.31711	-1.71452
1.9182	-1.14669
1.97049	-1.21918
1.68249	-1.14603
1.09746	-0.61312
1.18021	-0.833117
1.28376	-0.806489
1.29161	-0.795395
0.940895	-0.234965
0.917335	-0.322691
1.3385	-0.868822
1.12023	-0.474751
1.15798	-0.557762
0.920134	-0.463442
0.828128	-0.213477
1.16673	-0.745741
1.26932	-0.839617
1.17304	-0.520821
1.1946	-0.490779
1.13149	-0.262661
1.52824	-0.965514
1.15109	-0.23265
0.940121	-0.128518
1.10834	-0.450529
0.980782	-0.284885
1.15337	-0.48419
1.23559	-0.452657
1.04302	-0.335592
1.18282	-0.259296
1.16522	-0.518104
0.850361	-0.206207
1.0409	-0.393386
1.2579	-0.515584
1.21584	-0.496246
0.9593	-0.233155
1.02546	-0.329213
1.09166	-0.267971
1.08204	-0.254647
0.842277	0.0781782
0.796856	0.173285
0.900788	-0.084935
1.03244	-0.16624
0.832769	0.0101108
0.790785	-0.23191
1.10981	-0.723299
1.62477	-1.18391
1.37321	-0.866185
1.20973	-0.28615
0.623961	-0.323732
0.94129	-0.697495
0.4735	-0.288282
0.623749	-0.388022
0.871015	-0.13409
0.856235	-0.0228272
0.990261	0.379422
0.978481	0.00489567
1.0094	-0.508479
0.953924	-1.07234
0.942051	-0.988536
0.445326	-0.626317
0.201797	-0.444618
0.360805	-0.165489
0.715411	-0.0594238
0.424322	0.340858
0.456625	0.0986858
0.0695978	0.409934
-0.255184	0.368428
-0.243132	0.279328
-0.187704	0.358242
0.297956	0.115084
1.35279	-1.0218
2.08412	-1.95486
2.24856	-1.98038
2.2797	-2.09752
2.028	-1.84438
2.03975	-1.92575
2.30563	-2.08556
2.10307	-1.8299
2.54189	-2.39315
2.08746	-1.75967
1.99756	-1.78688
1.64185	-1.40265
1.82508	-1.54768
2.80972	-3.2411
2.49807	-2.76244
3.3625	-3.63205
1.72183	-1.39193
2.46557	-2.36461
2.82017	-2.81947
2.70227	-2.46888
2.77498	-2.56538
2.41417	-2.09331
2.04141	-1.3918
2.09999	-1.56253
2.03314	-1.93263
1.64756	-1.62513
1.54368	-1.65508
1.23013	-1.54593
1.10883	-1.55971
2.01192	-2.08983
1.72474	-1.49651
1.73695	-1.30793
1.93976	-1.61936
1.13222	-0.700382
0.816302	-0.55716
0.91736	-0.997168
0.759631	-0.99885
0.670429	-1.04702
0.663393	-1.08334
0.841632	-1.22061
0.882778	-1.13921
1.22632	-1.36376
2.08439	-2.15222
2.65399	-2.85369
2.70005	-2.7734
2.92367	-3.16473
2.58762	-2.67101
2.23452	-2.1566
2.31663	-2.24825
1.96769	-1.83475
1.42907	-1.27342
1.09809	-0.957439
0.977964	-0.841259
0.908105	-0.749673
0.933219	-0.729298
1.0515	-0.84044
1.19227	-0.944527
1.16301	-0.783684
1.43621	-0.945981
1.81038	-1.66978
1.97566	-2.14809
2.25428	-2.51539
2.46129	-2.82114
2.74845	-3.09357
1.80576	-1.53902
1.31034	-0.844859
1.41992	-1.15536
1.35504	-1.22479
1.28563	-1.19914
1.21812	-0.960201
1.0706	-0.814293
1.25629	-1.08917
1.18055	-0.795937
0.955796	-0.668179
0.894998	-0.486939
0.727211	-0.348643
0.906715	-0.573529
1.00644	-0.69023
0.786404	-0.240027
0.903733	-0.30523
1.07715	-0.491576
0.702792	-0.0746127
0.86391	-0.182261
0.888552	-0.500345
1.09811	-0.936081
1.28421	-1.37245
1.12802	-1.01794
1.53843	-1.20596
1.53011	-1.26633
2.26355	-2.12613
1.68756	-1.18501
1.14656	-0.842503
1.46005	-1.4277
0.251115	-0.112193
0.404968	-0.13633
0.939201	0.397086
0.850044	0.423123
0.809578	0.507443
0.755896	0.795689
0.723306	0.834377
0.377875	0.494503
0.446576	0.298698
0.228025	-0.00975906
0.500572	-0.582779
0.439358	-0.561083
0.30073	-0.417642
0.663229	-0.697982
0.681969	-0.8366
0.863784	-1.1497
0.793692	-0.904297
0.818095	-1.13021
1.38973	-1.0157
1.36065	-1.03781
0.876238	-0.502753
0.736699	-0.315617
0.841097	-0.540367
0.897482	-0.512323
0.254097	-0.260756
0.299222	-0.305134
-0.00325592	-0.757841
0.135869	-1.02219
0.366105	-1.02905
0.625749	-1.2578
0.265354	-0.803184
-0.00578581	-0.705398
0.281081	-0.870672
0.528093	-0.707745
0.397279	-0.485471
0.174768	-0.400413
0.595107	-0.00883124
0.847768	0.214094
0.986419	0.343536
1.64489	1.10562
1.74872	1.30644
1.95202	1.33671
1.50514	0.837514
1.39692	0.793214
1.19471	0.470034
0.782246	-0.0835194
0.553573	-0.56768
1.252	-1.31708
1.11704	-1.31988
1.20565	-1.32015
1.17349	-1.15697
1.09876	-0.887989
1.46062	-1.07713
1.43847	-0.964413
1.18484	-0.585291
1.40864	-0.508811
1.92216	-1.08221
2.08419	-1.28022
2.72503	-2.45716
2.04374	-1.76781
1.42872	-1.18477
1.25543	-1.05216
1.56959	-1.48541
1.46013	-1.331
1.57853	-1.43766
1.31648	-1.24407
0.99685	-0.888059
1.30627	-0.999587
1.05271	-0.675671
0.744589	-0.391829
0.943295	-0.563844
1.0013	-0.508472
0.740827	-0.232557
1.0696	-0.498102
1.13061	-0.534497
0.973076	-0.29251
0.820017	-0.170375
1.08339	-0.518149
0.983749	-0.266524
0.908092	-0.140894
0.818428	-0.0979622
0.827556	0.0386867
1.10036	-0.156626
1.10946	0.012546
1.32124	-0.291776
1.06156	-0.0428526
1.00499	-0.143214
1.26565	-0.464115
1.02217	-0.180429
0.907847	-0.3215
1.42564	-1.3294
1.74446	-1.42323
1.74094	-1.38246
1.93007	-1.9902
1.3709	-1.36896
1.28327	-1.23732
1.25898	-1.19673
1.14957	-1.14065
0.623955	-0.598693
0.683898	-0.862035
0.451262	-0.705712
0.339261	-0.777944
0.496021	-0.977023
0.45359	-0.907566
0.459255	-0.859269
0.485497	-0.808673
0.560436	-0.74762
0.735152	-0.755925
0.923359	-0.846946
1.28866	-1.2808
1.47501	-1.36223
1.78533	-1.82804
1.4062	-1.30412
1.36924	-1.22194
0.487053	-0.127533
1.27469	-0.976174
1.51469	-1.37244
1.52646	-1.39652
2.25877	-2.31183
1.57178	-1.22386
1.52094	-0.955405
0.258662	-0.0778456
-0.423619	-0.35426
-0.395614	-0.563082
-0.183655	-0.598146
0.151464	-0.633513
0.319545	-0.843968
0.328911	-0.882116
0.946025	-1.13901
1.37883	-1.34444
1.18799	-1.24534
1.40477	-1.21351
1.66965	-1.19765
1.55559	-1.25317
1.49176	-1.15608
1.61569	-1.18326
2.0147	-1.73041
2.44283	-2.53807
2.30254	-2.17071
2.37965	-2.34763
2.20226	-2.28162
2.23572	-2.28906
1.90001	-1.92129
1.69506	-1.66941
1.66787	-1.56527
2.21531	-2.14293
1.9722	-1.4755
1.03514	-0.938298
0.999869	-0.693037
-0.22445	0.159955
0.0590761	-0.127654
1.40645	0.558691
1.35988	0.50838
1.20596	0.438198
1.14864	0.511969
1.12197	0.538753
0.704492	0.0900546
0.764169	0.370334
0.538912	0.0328243
0.526974	0.105962
0.660352	-0.126052
0.538438	-0.0458843
0.412144	0.270825
0.550695	0.324738
0.524737	0.139712
0.615564	0.0426574
0.574579	0.162629
0.539071	0.260958
0.433469	0.305098
0.601514	0.383361
0.788372	0.341896
1.03254	-0.546254
1.01331	-0.0895275
0.95722	-0.420495
0.610144	-0.450576
0.92773	-0.115979
0.980912	0.00570775
0.796557	0.174614
0.949439	-0.174735
0.727141	-0.0248043
0.705432	0.144516
0.413483	0.445533
0.201122	0.324595
-0.0735729	0.306338
0.711865	-0.431714
0.694423	-0.553271
0.492961	-0.455915
0.482897	-0.457844
0.481559	-0.404642
0.419886	-0.355218
0.270283	-0.263466
0.235065	-0.188401
0.260827	-0.00692154
0.648481	-0.239794
0.929268	-0.455737
0.753746	-0.446752
0.513345	-0.293633
0.333988	-0.100861
0.592024	-0.27942
0.211771	-0.519424
0.394562	-0.683327
0.463385	-0.742439
0.45586	-0.735309
0.417461	-0.639557
0.446727	-0.576411
0.464528	-0.476308
0.612414	-0.48978
0.697419	-0.428596
0.988537	-0.706503
0.968136	-0.69145
0.641121	-0.351528
0.490571	-0.139846
0.39787	-0.0444318
0.594606	-0.237918
1.06264	-0.718528
0.906343	-0.521939
0.68091	-0.523359
0.792469	-0.798745
0.70921	-0.504384
0.66719	-0.406271
0.893616	0.0195111
0.369664	-0.632746
0.609388	-0.841251
0.619793	-0.866307
0.652309	-0.920418
0.676175	-0.92387
0.727762	-0.934474
0.803568	-0.95706
0.976302	-1.08151
0.79058	-0.765399
0.81244	-0.911922
0.610734	-0.703749
0.595568	-0.6871
0.473349	0.197049
0.463797	0.450271
0.199658	-0.0660788
0.838989	-0.948811
1.05916	-1.1143
1.24712	-1.21347
1.56392	-1.54966
2.47528	-2.63419
2.63898	-2.68785
2.94019	-2.76385
2.99559	-2.8017
3.38569	-3.66687
3.12916	-3.42135
2.375	-2.39068
1.90094	-1.70336
2.00401	-1.72541
2.31552	-1.96849
2.60494	-2.3321
2.55287	-2.11415
2.89215	-2.37713
3.24887	-3.08
2.74388	-2.63492
2.63279	-2.76792
2.95301	-3.34361
3.2664	-3.74939
2.39544	-2.46701
2.71447	-2.94493
2.67467	-2.91548
2.53626	-2.81731
2.49987	-2.76342
2.16138	-2.11495
2.1179	-1.89641
1.81474	-1.54876
1.26838	-1.01428
1.12386	-1.20934
1.1783	-1.27293
1.27049	-1.03239
1.76359	-1.05482
2.30298	-1.79406
0.722758	-0.505885
0.561869	-0.547184
0.975837	-1.16252
0.954592	-1.09856
1.06508	-1.16464
1.3111	-1.224
1.40102	-1.27331
1.58801	-1.45325
2.39775	-2.74344
2.0796	-2.22449
0.983544	-0.959392
0.792349	-1.07132
0.884197	-1.07819
0.735048	-1.07477
1.2263	-1.27012
1.8092	-1.7755
1.41671	-1.18422
1.33063	-1.0583
1.22726	-0.86491
2.01559	-1.85632
2.19915	-2.14886
2.61061	-2.65231
2.40116	-2.50173
2.38931	-2.49301
2.28471	-2.30322
2.14157	-2.17373
2.15183	-2.18305
1.78672	-1.7569
1.45778	-1.2252
1.31329	-1.0748
1.48448	-1.19321
1.87969	-1.67955
2.07654	-2.09498
2.37725	-2.53164
2.41152	-2.6203
3.28959	-3.9583
3.17343	-3.8452
2.32988	-2.38725
1.41831	-0.961668
1.25223	-1.02795
1.14855	-0.767584
0.97318	-0.654773
1.17773	-0.814754
0.990129	-0.663749
0.935854	-0.479609
0.183392	-0.105689
0.106818	-0.194437
1.09935	-0.858695
1.23487	-0.899877
1.57084	-1.11914
1.40056	-0.784045
0.958143	-0.410106
1.37592	-0.951526
1.40066	-1.19682
1.29768	-1.02146
0.633329	-0.611178
0.415946	-0.554717
0.553063	-0.636761
0.327417	-0.189799
0.259091	-0.330293
0.0663431	-0.126679
1.11101	-0.424366
1.69124	-1.14262
2.05394	-1.83962
2.51194	-2.40889
2.09192	-1.80925
1.99037	-1.54438
1.97836	-1.56742
2.0775	-1.65276
2.37643	-2.16437
2.45255	-2.14963
2.38118	-1.85895
1.7734	-0.856476
1.64728	-0.695588
1.76786	-0.943402
1.91365	-1.30992
1.6413	-0.90661
1.62369	-1.07247
1.38796	-0.85041
0.942386	-0.447209
1.53609	-1.19017
1.0664	-0.722647
1.86794	-1.52425
1.9135	-1.63178
2.0638	-1.893
2.03031	-1.96833
2.00701	-1.91395
1.55887	-1.31864
1.58028	-1.30752
1.56729	-1.21052
1.58176	-1.13984
1.94685	-1.56015
2.35622	-2.09705
2.4461	-2.2389
1.78393	-1.28433
1.41793	-1.34278
0.871675	-1.07967
1.04831	-1.2074
1.42122	-1.33117
1.74759	-1.27931
1.86634	-1.35168
1.93847	-1.48635
1.60949	-1.15263
1.90297	-1.61746
1.40506	-0.679171
0.943623	-0.523149
1.11958	-0.743311
0.741298	-0.614925
0.781072	-0.554179
0.926318	-0.190082
1.09265	-0.566393
1.45054	-0.826632
1.27222	-0.2436
1.29429	-0.570424
0.941466	-0.378989
0.998255	-0.242332
1.03593	-0.385969
0.848934	-0.539791
1.13653	-0.693941
0.936333	-0.429842
0.738917	-0.035712
0.852698	-0.0996396
1.10452	-0.375631
0.735165	-0.573499
0.105191	-0.987513
0.776485	-1.17082
1.28128	-1.64516
1.55335	-1.94608
2.07361	-2.41232
1.7885	-1.5885
1.60307	-1.30148
1.25875	-0.985535
1.46852	-1.43713
1.16506	-0.902387
1.17839	-0.718367
1.05838	-0.396695
0.898604	-0.206448
0.85309	-0.221245
0.847425	-0.391419
1.11181	-0.52768
2.83172	-2.88648
2.6445	-2.5037
2.61877	-2.38307
2.24548	-1.45171
1.62359	-1.01598
2.02573	-1.71176
0.882106	-0.679614
0.720115	-0.64238
0.517851	-0.761479
0.634334	-0.866468
0.295685	-0.688674
-0.0290402	-0.745978
-0.246169	-0.559049
-0.133061	-0.699596
-0.0824724	-0.668744
-0.258899	-0.658231
0.27469	-0.23437
0.60435	-0.681006
0.836875	-0.939218
1.15082	-1.1828
1.15263	-1.09017
1.53909	-1.44503
1.84032	-1.8342
2.16389	-2.19978
1.89877	-1.79167
2.62066	-2.77623
2.47678	-2.54297
2.7316	-2.94207
2.92125	-3.12917
1.22071	-0.491043
0.751853	-0.35219
0.744399	-0.637217
1.2	-0.912004
-0.0947676	0.133896
-0.244508	-0.449651
0.546084	-0.24139
0.765092	-0.0396937
1.20844	0.302267
1.00723	0.320415
1.42157	0.569915
1.737	0.996781
1.25376	0.699738
0.821725	0.149917
0.584215	-0.171254
0.742029	-0.144184
0.640243	-0.0563493
0.736368	-0.242755
0.775526	0.0357014
0.882608	0.16007
0.874827	-0.127628
0.941592	-0.131125
1.0291	-0.304664
0.872263	-0.0477439
0.892756	-0.207127
0.925252	0.207297
1.12463	0.0425416
1.03405	-0.0682634
1.03119	-0.170229
0.858501	-0.0864769
1.02794	-0.049866
0.985823	0.149226
0.90798	0.12522
1.02905	-0.247017
1.14196	-0.148243
1.13823	-0.117381
0.981864	-0.132305
1.03901	-0.127525
0.828247	-0.45178
1.26599	-0.678914
1.00188	-0.481492
0.864938	-0.501183
0.887561	-0.661366
0.810094	-0.77168
1.25419	-1.03273
1.80895	-1.82032
1.95764	-1.99464
2.08058	-2.10266
1.99362	-2.02547
1.81191	-1.80991
1.72381	-1.72272
1.64723	-1.61725
1.65335	-1.50682
1.6974	-1.88838
1.22783	-1.50841
0.624989	-0.799626
0.714507	-1.08078
0.362798	-0.577796
0.229998	-0.572026
0.350021	-0.224115
0.597062	-0.0542061
0.542171	0.170443
0.499329	0.0559157
0.485935	0.342262
0.670732	0.152573
0.471532	-0.235566
0.585601	-0.103849
0.521816	0.0342518
0.453337	-0.0661396
0.757924	-0.380486
1.0503	-0.662914
1.13842	-0.817194
1.2051	-0.937717
1.17328	-0.978623
1.17518	-1.02684
1.14878	-0.955808
1.06314	-0.79878
1.03248	-0.445502
1.493	-1.17667
1.39736	-1.19511
1.30902	-1.05859
1.34036	-1.00305
1.01187	-0.741069
1.26561	-1.02974
1.44229	-1.22151
1.1764	-0.981723
1.35665	-0.830784
1.19809	-0.86937
1.40885	-1.02952
1.67383	-1.25064
0.762477	-0.569453
2.03439	-1.73066
2.30527	-1.50382
2.4411	-2.03136
2.27664	-1.83551
1.92544	-1.30762
2.21926	-2.05429
1.64893	-1.3521
1.63011	-1.43161
1.18914	-1.096
0.979869	-0.976742
0.973279	-1.04093
0.933761	-1.10936
1.00404	-1.20879
1.55873	-1.81911
1.05961	-0.87226
1.28378	-1.24598
1.30869	-1.35256
1.24575	-1.23353
1.13341	-0.894729
1.17824	-0.738443
0.726562	-0.124154
0.57256	-0.121865
0.49725	-0.368605
0.744066	-0.480561
1.1798	-0.84117
1.70525	-1.27214
1.38162	-0.717455
1.06088	-0.280769
0.794804	-0.0516605
0.813908	0.0306043
0.828012	0.0620674
1.21545	-0.288303
1.61803	-1.26798
1.31172	-1.01284
1.19321	-0.883574
1.17638	-0.913118
0.934098	-0.707273
0.808665	-0.695274
0.75801	-0.588503
0.679322	-0.633401
0.980505	-1.04734
1.08629	-0.888074
1.01872	-0.317039
0.825066	0.0488308
0.952127	-0.398779
0.919956	-0.417841
1.01805	-0.514834
1.31817	-0.89726
2.06403	-2.23399
1.66266	-1.70452
1.40649	-1.24093
1.51054	-1.31698
1.6747	-1.36828
1.9136	-1.50653
1.84869	-1.42647
2.0755	-1.95565
1.53619	-1.36193
1.32594	-1.04198
1.25758	-0.84374
1.25847	-0.525757
1.85726	-1.16029
1.36255	-0.721438
1.52912	-0.247013
1.39414	0.00107404
1.0898	-0.307037
1.12037	-0.309538
0.869494	-0.142178
0.996515	-0.219162
1.17741	-0.249077
0.94553	0.0306138
1.01654	-0.0362325
1.10729	-0.227476
1.12317	-0.120016
1.14424	-0.164495
0.86211	-0.649238
0.856488	-0.641155
1.03702	-0.532469
1.50788	-1.58045
1.63692	-1.49976
1.39002	-1.1787
1.45897	-1.46068
1.86025	-1.94204
2.01003	-1.90873
1.47565	-1.23221
1.80809	-1.63489
1.5731	-1.25301
0.801621	-0.710356
1.06553	-0.0641543
1.29625	0.567451
0.979967	0.442258
1.2438	0.593368
1.33268	0.819052
0.825166	0.504353
0.720119	0.350648
-0.0697637	0.050753
0.482559	-0.298289
0.721801	-0.315633
0.755166	-0.455912
0.786723	-0.424819
0.992096	-0.571054
0.938215	-0.492795
0.973287	-0.546285
1.03901	-0.603996
1.15007	-0.711945
1.22297	-0.844286
1.47448	-1.20153
1.36631	-1.01076
1.06912	-0.704686
0.765399	-0.56356
0.554111	-0.54878
0.577069	-0.65797
0.61149	-0.766533
0.629576	-0.799567
0.768954	-0.951004
0.542745	-0.723379
0.687734	-0.585306
0.123209	0.218158
0.641018	-0.190567
0.972695	-0.872721
0.774234	-0.596286
0.593913	-0.334241
0.850504	-0.506984
0.829083	-0.497457
1.87189	-1.60441
1.34852	-1.19358
1.2762	-1.12177
1.21009	-1.0399
1.29038	-1.0961
1.31795	-1.11836
1.28962	-1.05956
1.31971	-1.09034
1.55302	-1.34955
1.40276	-0.990533
1.33545	-0.82806
1.32029	-0.807807
1.35585	-0.864079
1.49764	-1.09135
1.56742	-1.26649
1.52646	-1.24904
1.7943	-1.61289
1.62471	-1.37858
1.74816	-1.55102
1.7472	-1.58366
1.38391	-1.09865
1.43258	-1.12099
1.56669	-1.29061
1.68684	-1.4935
1.40035	-1.15742
1.14685	-0.742983
1.22876	-0.773748
1.62048	-1.36972
1.94077	-1.81856
0.217356	-0.368802
0.0828742	-0.865759
0.178928	-0.902387
0.171251	-0.98435
0.291515	-0.774902
1.51753	-1.69781
1.84563	-1.96954
1.7523	-1.83724
1.57813	-1.24241
1.50132	-1.06998
1.36434	-0.937798
1.25369	-0.730284
2.17555	-2.28121
2.16575	-2.50747
1.97559	-2.32436
1.44033	-1.48537
1.27951	-1.23296
2.38811	-2.42328
2.77127	-2.7796
2.94358	-3.03698
2.58848	-2.64576
2.33236	-2.19139
1.92015	-1.52121
2.15485	-1.53904
1.55597	-0.979922
1.62937	-1.09116
1.66703	-1.1639
1.73496	-1.29951
2.12981	-2.02221
1.88914	-1.85488
2.0025	-2.05614
1.93629	-1.9073
2.32782	-2.22826
2.23169	-1.98763
1.86152	-1.36905
1.72558	-1.21801
1.05953	-0.755987
0.753547	-0.817263
0.995686	-1.11435
1.24508	-1.30209
1.33141	-1.34165
1.93141	-1.8962
1.89266	-1.6482
2.0671	-1.62213
1.97102	-1.44825
1.90866	-1.36164
2.1162	-1.7357
2.24271	-1.87772
2.82439	-2.67733
1.92599	-1.17919
1.05223	-0.550331
1.61277	-1.92083
1.99059	-2.08542
0.737582	-0.601987
1.02756	0.0294894
1.08865	0.449026
0.792228	0.0526643
0.925217	0.0195492
1.53124	0.871648
1.63929	1.12931
1.56269	1.02505
1.9929	1.55861
1.72948	0.873646
1.42633	0.820003
1.75452	1.11771
1.80934	1.30117
1.61811	0.800625
0.985134	0.0496404
1.19512	0.0288468
1.12183	-0.298391
0.924002	-0.204909
0.972354	-0.390803
1.02102	-0.482809
0.811722	-0.154474
0.960778	-0.27295
0.86616	-0.124304
1.08613	-0.261604
0.979693	0.12267
0.912222	-0.0646027
0.850817	0.0220504
0.924427	-0.0518282
0.997356	-0.119235
0.933025	0.0404316
0.8265	0.010173
0.908022	0.0201834
1.06772	-0.190812
0.974792	-0.213224
1.12909	-0.166185
0.894892	0.074031
1.15381	-0.377898
1.03573	-0.436491
1.39702	-1.20301
1.37724	-0.922288
0.931085	-0.66209
0.876436	-0.589757
0.727273	-0.442104
0.802263	-0.449599
0.730699	-0.464727
0.156303	-0.382134
0.398881	-0.778476
-0.0877135	-0.130112
-0.128795	-0.196631
0.464563	0.251232
0.689281	0.124085
0.685332	0.206811
0.789614	0.35588
0.908995	0.292838
0.857073	0.355319
0.956727	0.50844
0.89446	0.285953
0.379529	-0.24506
0.268493	-0.824488
0.653522	-0.781786
1.36327	-1.35341
1.76926	-1.7403
1.43527	-1.25428
1.41721	-1.25476
1.55005	-1.45609
1.36751	-1.25622
1.18176	-0.964251
1.23819	-0.917337
1.14563	-0.775154
1.20658	-0.843003
1.5537	-1.32812
1.08726	-0.923972
1.27157	-1.20382
0.927996	-0.995028
0.723348	-0.855462
0.125392	-0.421726
-0.174599	-0.542902
-0.339185	-0.644719
-0.247273	-0.655126
-0.238886	-0.667528
-0.217207	-0.701396
-0.190091	-0.800423
-0.0778438	-0.481996
0.33575	-0.596031
0.634237	-0.769522
1.00988	-0.956001
1.25601	-1.08442
1.33953	-1.10147
1.39799	-1.0514
1.67362	-1.36598
1.84799	-1.46953
1.6156	-1.31715
1.69605	-1.37714
1.66604	-1.36408
1.28928	-1.04921
1.21648	-1.06665
0.599205	-0.0762896
1.69535	-1.05381
1.94345	-1.7057
1.76641	-1.25913
1.01316	-0.39334
1.14393	-1.1587
0.69444	-0.569628
-0.117123	-0.170716
0.436178	-0.102805
0.690711	0.456866
0.345456	0.166169
-0.173288	-0.0635153
0.462598	-0.22651
1.07302	-0.959035
0.889572	-0.749837
1.50215	-1.00613
2.04906	-1.47223
2.28069	-1.91689
2.72053	-2.59667
2.17315	-1.67652
0.973393	-0.295544
0.917467	-0.27616
0.588155	-0.00889534
0.266434	-0.14653
0.511147	0.171502
0.486045	-0.0187359
0.476002	-0.200439
0.497316	-0.210483
0.81448	-0.246965
1.67075	-1.23861
2.61497	-2.45922
2.28199	-2.30662
2.09804	-2.19232
1.87451	-1.85896
1.97859	-1.96157
1.76532	-1.63704
2.33969	-2.37425
2.24859	-1.8748
2.03285	-1.56217
2.19325	-1.88672
2.72232	-2.72214
2.09149	-1.678
2.04329	-1.78165
2.42709	-2.30109
2.22663	-1.89043
2.14637	-1.82653
2.40126	-1.93728
2.41447	-1.77542
1.666	-1.05014
1.17332	-1.07041
0.729064	-0.234298
0.585509	-0.240279
0.265466	-0.361901
0.280486	-0.471814
1.00185	-1.13925
1.49363	-0.942709
1.71506	-1.10792
1.8491	-1.32466
1.62157	-1.17226
1.66562	-1.24719
1.81521	-1.53751
1.63422	-1.58863
0.685818	-1.14129
0.335159	-0.842818
0.0559945	-0.699996
-0.0613112	-0.673808
-0.150245	-0.60126
-0.344367	-0.580533
-0.292177	-0.60231
-0.203352	-0.757724
0.0874644	-0.66131
0.546381	-0.605105
0.763518	-0.612208
0.81855	-0.447224
0.905665	-0.497928
0.809243	-0.54414
0.838955	-0.352892
0.407348	0.31463
0.528368	0.43487
0.644533	0.529344
0.556819	0.434429
0.880326	0.796306
0.83674	0.813215
0.64411	0.549555
0.510117	0.422803
0.146275	0.212451
0.120175	0.263964
0.268134	0.33444
1.15762	-0.360867
0.968585	-0.113381
0.991724	-0.561334
0.85329	0.0492696
1.12849	-0.56427
1.12673	-0.798858
1.2746	-1.17481
1.54316	-1.53674
2.36734	-2.5935
2.29538	-2.25275
1.90822	-1.71824
1.22454	-0.844393
0.864136	-0.531993
1.15523	-0.88449
0.74887	-0.422887
0.875688	-0.62729
1.01345	-1.15581
1.88299	-1.57505
1.47134	-0.872767
1.3529	-0.298976
1.22896	-0.291611
0.778412	0.109125
0.90035	-0.0691595
0.451973	0.29597
0.628088	-0.122903
0.429905	0.303862
0.845941	-0.280136
0.92851	-0.739761
1.02764	-0.845206
0.803964	-0.727097
1.54711	-1.44579
1.68868	-1.75238
1.10241	-0.952363
0.95399	-0.758105
0.768558	-0.536163
0.802738	-0.609841
0.896929	-0.735168
1.39114	-1.2143
1.43882	-1.42126
1.10153	-1.05467
0.627163	-0.494329
0.84556	-0.489971
1.09352	-0.799696
0.778711	-0.330056
0.834381	0.0358514
1.10657	-0.683904
1.07518	-0.782756
1.03388	-0.60619
1.00533	-0.0418843
1.04174	-0.236606
0.680243	-0.159354
0.0633801	-0.48884
0.391647	-0.762044
0.416882	-0.777043
0.345586	-0.786028
0.23793	-0.869864
0.333016	-0.730751
0.930706	-0.992428
1.36114	-1.02503
2.0881	-1.55083
2.34131	-2.18417
2.95388	-3.21112
1.77207	-1.76232
0.562552	-0.0670795
0.271944	0.330932
0.84293	-0.054508
0.569643	-0.161434
0.439779	-0.231389
0.789649	-0.310771
1.37856	-1.09957
2.36343	-2.53001
2.36499	-2.51926
2.07987	-2.1268
1.93401	-1.958
1.51627	-1.42383
1.16942	-1.10439
1.06315	-0.964814
0.890918	-0.83595
0.720051	-0.656458
0.57445	-0.534587
0.743765	-0.657262
0.65053	-0.510377
0.814559	-0.55189
1.12115	-0.806513
1.6144	-1.35923
1.91616	-1.59705
1.7239	-1.30449
1.30167	-0.847794
-0.235492	-0.083236
-0.12888	-0.551492
-0.0674582	-0.83901
0.0706912	-0.817237
0.873093	-1.0825
1.25077	-1.48721
1.0351	-1.32301
1.14765	-1.36256
0.947213	-1.26857
0.611771	-1.0367
0.473791	-0.893995
0.48648	-0.855814
0.554728	-0.841502
0.631033	-0.835212
0.704349	-0.791574
0.765474	-0.736277
0.926691	-0.865501
0.890358	-0.772181
0.859832	-0.724311
0.705394	-0.595189
0.0206078	-0.0503559
-0.245443	-0.187619
-0.447154	-0.251439
-0.483994	-0.436458
-0.368746	-0.550545
-0.357266	-0.383522
-0.19138	0.0873094
0.149437	-0.306923
0.71225	-0.692794
0.650466	-0.723988
0.919649	-0.7669
1.45228	-1.11837
1.49354	-1.27869
1.41638	-1.07401
1.28163	-0.898492
1.14283	-0.745505
1.25196	-0.945927
1.11801	-0.916152
1.53416	-1.52159
1.92704	-2.03603
2.37977	-2.65477
2.29828	-2.682
1.952	-2.30414
1.59005	-1.9396
1.32638	-1.70884
1.00587	-1.40853
0.877139	-1.33048
0.78371	-1.21434
0.898614	-1.26911
0.998747	-1.27601
1.07032	-1.24554
1.13873	-1.22924
1.21378	-1.2506
1.23249	-1.20559
1.12357	-1.10857
0.87525	-0.880274
0.756906	-0.776827
0.776322	-0.787113
0.895728	-0.897493
0.999087	-0.97703
0.477915	-0.421568
0.751664	-0.850119
0.384236	-0.753909
0.294017	-0.732338
0.282159	-0.872059
0.21196	-0.937009
0.193587	-0.87694
0.273015	-0.908382
0.389766	-0.960705
0.638647	-1.00319
1.23111	-1.47369
1.45337	-1.61555
1.53943	-1.23698
1.57684	-1.34216
1.65725	-1.54033
2.02939	-1.79549
1.76927	-1.56779
1.94073	-1.76726
1.85668	-1.72709
1.7844	-1.63846
0.601773	-0.362872
0.316882	-0.535717
0.616538	-0.815373
0.581686	-0.870471
-0.0236568	-0.439657
0.400744	0.00931407
0.719891	0.436814
0.958035	0.467795
1.08506	0.739673
1.43235	0.91612
0.939984	0.459128
1.04229	0.718087
1.0393	0.355385
0.839882	0.0770733
0.544049	-0.1182
0.535435	-0.0406023
0.156242	-0.536743
0.0182611	-0.503267
0.0552923	-0.403697
0.296464	-0.577405
0.448795	-0.5281
0.555159	-0.57061
0.804559	-0.729866
0.772496	-0.73462
0.905184	-0.979889
0.877327	-0.961297
0.766369	-0.922562
0.468547	-0.814654
0.276203	-0.790479
-0.0160325	-1.00119
-0.000568518	-1.08481
-0.00195149	-1.02703
0.0895109	-1.08946
0.0477756	-1.02581
0.0363856	-0.860327
0.145193	-1.02012
0.278972	-0.571046
0.0800156	-0.280595
0.680087	-0.637814
0.723329	-0.299319
0.59101	-0.0716293
0.806891	-0.237931
0.732952	-0.147081
0.849491	-0.216159
0.856	0.0112866
0.835216	-0.283986
0.72491	-0.265723
0.744466	-0.249504
0.999332	-0.321309
1.0729	-0.107292
0.997598	-0.0749045
0.838557	-0.0365205
1.15407	-0.217356
0.936684	0.0443037
0.79007	-0.0551552
0.943385	0.0345387
0.644503	0.134309
0.711857	0.501816
0.269922	0.182036
0.59707	-0.296845
0.609928	-0.337812
0.345878	-0.0518853
0.181226	0.0467995
0.137077	0.0390471
0.0744752	0.0826483
0.033743	0.106729
-0.0730509	0.472992
0.114339	0.223189
0.66757	-0.400934
0.678465	-0.312599
0.236675	-0.295792
0.542813	-0.170931
0.18538	-0.57204
0.374261	-0.593272
0.47724	-0.748382
0.448011	-0.730436
0.409875	-0.688766
0.403499	-0.663653
0.391222	-0.628208
0.456528	-0.630192
0.602471	-0.618227
0.692594	-0.617698
1.19539	-1.04718
1.54346	-1.44636
1.31385	-0.897807
1.29528	-1.01678
0.457446	-0.155003
0.195195	-0.242213
0.260164	-0.483802
0.522262	-0.972043
0.286206	-0.600243
0.198014	-0.492993
0.327271	-0.39116
0.343007	-0.338542
0.828947	0.36723
0.932378	0.253756
1.17827	0.520077
1.23315	0.644903
1.18375	0.512135
1.31469	0.520365
1.57033	0.697225
1.47479	0.903422
1.094	0.563439
0.602027	-0.0880072
0.567949	-0.531409
0.753264	-1.17937
0.703658	-0.734913
0.874111	-0.522284
1.32956	-0.929453
2.12113	-1.99576
1.74139	-1.7208
1.56035	-1.4845
1.30952	-1.18031
1.23713	-1.05763
1.23233	-1.0182
1.38119	-1.20549
1.14689	-0.928711
1.51702	-1.10772
1.82805	-1.15953
1.85273	-1.2679
1.62118	-1.02218
1.42278	-0.930237
1.27105	-0.892599
1.04396	-0.82486
0.796823	-0.849971
0.657573	-0.773894
0.453851	-0.679404
0.281222	-0.678118
0.1252	-0.921221
0.240632	-1.07548
0.333893	-1.15427
0.430785	-1.25377
0.452906	-1.22215
0.672321	-1.31965
0.769259	-1.26384
0.940003	-1.30915
1.36745	-1.63127
1.72994	-1.99122
1.94824	-2.08286
1.88451	-1.90898
1.96128	-2.11324
1.97828	-2.18677
2.03878	-2.26675
1.62541	-1.69545
1.58913	-1.70694
1.59241	-1.85171
1.27452	-1.57643
0.953058	-1.32112
0.738724	-1.20007
0.67446	-1.14608
0.763338	-1.27857
0.800664	-1.37735
0.62239	-1.09755
0.609034	-1.18715
0.6669	-1.16625
0.429295	-1.02206
0.517611	-1.04501
0.438991	-0.952714
0.181875	-0.599288
0.15175	-0.432536
0.0161236	-0.308704
0.315567	-0.337427
0.818161	-0.829519
0.751263	-0.676092
1.10068	-0.990489
1.40324	-1.24061
1.5065	-1.28263
1.84452	-1.70286
1.91862	-1.80404
1.99782	-1.91623
1.87833	-1.74337
1.79856	-1.61204
1.55989	-1.25101
1.58075	-1.29402
1.52318	-1.26856
1.50985	-1.32162
1.54882	-1.40555
1.3839	-1.2643
1.45789	-1.41769
1.54168	-1.6003
1.92983	-2.07892
1.85775	-1.84945
1.80831	-1.50365
1.79177	-1.49453
1.2565	-1.15518
1.12323	-0.72928
0.843092	0.0422097
1.0024	0.347452
1.25088	0.502551
1.49135	0.978157
1.65592	1.19728
1.91883	1.69316
1.57801	0.989335
1.58695	1.04487
1.1707	0.843907
0.450132	-0.446407
1.42777	-1.08665
1.74409	-1.13982
2.19644	-1.73609
2.22705	-1.94513
1.79796	-1.55585
2.28458	-2.20004
2.71166	-2.74158
2.59955	-2.47505
2.32082	-2.05692
2.26701	-1.95594
2.34316	-2.24048
2.45011	-2.39092
2.67558	-2.5716
2.23897	-1.73998
1.86702	-1.09319
2.44581	-1.88659
2.13041	-1.49619
2.99615	-2.78493
2.76247	-2.66442
3.00169	-3.07107
2.33171	-2.21511
1.0967	-0.980988
0.995996	-0.453836
1.51756	-0.883478
2.49628	-2.5151
2.12205	-2.16075
1.99712	-1.98929
2.58559	-2.71464
2.51292	-2.63892
2.31887	-2.40105
2.24506	-2.27928
2.22982	-2.27383
2.28293	-2.3257
2.20339	-2.07159
3.20315	-3.53542
2.58913	-2.33907
2.10866	-1.42354
2.24115	-1.4209
2.2761	-1.35628
1.79683	-0.695988
2.08664	-1.05822
2.33455	-1.4153
2.2169	-1.22456
2.57824	-1.94374
2.08551	-1.43612
1.89676	-1.30487
1.4932	-0.86343
1.44591	-0.909908
1.37624	-0.864118
1.69478	-1.12335
1.23405	-0.850277
1.05469	-0.480904
0.916211	-0.236353
1.01209	-0.469021
1.09009	-0.494431
0.988598	-0.277418
1.29311	-0.670646
1.0684	-0.399658
1.12281	-0.411462
0.952339	-0.309426
0.669568	0.104985
0.900199	-0.0660476
0.908271	-0.121245
0.961366	-0.0741215
0.913718	0.0264622
0.807896	-0.125632
0.791782	0.0147475
0.91324	0.0770714
0.953167	-0.00431234
0.890643	-0.145756
0.840201	-0.002557
1.01253	-0.0424722
0.856039	0.251559
1.33483	-0.0426632
1.06116	-0.15659
0.874692	-0.505681
0.996893	-0.279464
1.07779	-0.123634
1.01699	-0.115536
0.986165	-0.256471
0.887811	-0.197728
0.803008	0.0923368
0.794362	0.16072
0.821996	0.112641
0.87843	0.0119915
0.832129	0.259423
0.544166	0.155072
0.600812	0.0469187
0.918829	0.269075
0.178943	0.728604
0.751303	0.0658468
0.853125	-0.203323
1.75698	1.35982
1.03683	0.299386
1.0737	-0.120722
1.098	-0.234195
0.787934	0.0906122
1.03081	-0.450548
1.38038	-0.56852
1.57639	-0.998574
1.43968	-0.976625
1.93918	-1.53096
1.62023	-1.157
1.70161	-1.3844
1.9279	-1.76022
2.51219	-2.61634
2.88419	-3.04147
2.48911	-2.3213
2.04799	-1.9097
2.26421	-2.16656
2.29615	-2.2914
1.74594	-1.64602
2.23966	-2.32729
2.48632	-2.67722
1.56977	-1.08374
1.83759	-1.49365
1.78761	-1.40167
1.89576	-1.67131
1.55056	-1.24967
1.35619	-1.03464
1.17828	-0.755798
1.47198	-0.908344
1.15178	-0.990734
0.702234	-0.359685
0.437186	-0.239571
0.688123	-0.69163
0.612077	-0.710155
0.579938	-0.701984
0.62244	-0.789381
0.633016	-0.791096
0.762913	-0.916791
0.626152	-0.733568
0.295932	-0.559381
0.0603342	-0.345676
-0.0227252	-0.170607
-0.00135099	0.0321366
0.150328	0.0713105
0.132655	-0.174264
0.497678	-0.374143
0.668822	-0.536878
0.929828	-0.705314
0.923852	-0.696143
0.77549	-0.372652
0.692669	-0.325851
0.91482	0.0105551
0.725156	-0.249562
0.449463	-0.182544
1.44903	-1.12726
1.11831	-0.962739
0.790406	-0.57289
0.691954	-0.498959
0.678978	-0.446136
0.62527	-0.29989
0.58056	-0.0573605
0.963167	-0.43354
0.1934	-0.0672454
0.080346	-0.553662
0.117761	-0.780688
0.278429	-0.745299
0.634437	-0.0613053
0.713486	-0.397009
0.629664	-0.332245
0.701662	-0.465998
0.658243	-0.591494
0.696463	-0.673385
0.755095	-0.526075
0.458286	-0.389221
0.588193	-0.319741
0.894632	-0.685352
1.20646	-0.959113
0.971739	-0.767222
0.904059	-0.740965
0.976763	-0.85632
1.10977	-0.947867
1.29541	-1.08659
1.78893	-1.64611
2.3881	-2.64875
2.3609	-2.59214
2.43117	-2.6621
2.20922	-2.33591
2.54037	-2.89635
2.19212	-2.34141
2.41965	-2.66442
2.72334	-3.0418
2.4724	-2.69904
2.05389	-2.09606
1.70541	-1.69378
1.47441	-1.48414
1.39733	-1.34213
1.22329	-1.00841
1.10866	-0.742466
1.06954	-0.690008
0.911705	-0.561333
0.91086	-0.546819
0.943371	-0.645657
0.766494	-0.455752
0.614906	-0.290213
1.00289	-0.555935
2.08513	-2.20927
2.31488	-2.41049
2.91206	-3.0998
3.47713	-3.68168
2.91361	-2.71499
2.08391	-1.76478
1.4238	-0.962415
1.35728	-0.89792
1.61968	-1.1951
1.27271	-0.612102
1.37194	-0.693542
1.50629	-0.654051
2.065	-1.48432
2.46946	-2.57086
2.36595	-2.39732
2.17051	-2.153
2.30674	-2.41705
1.90711	-1.97499
1.84964	-1.94838
1.68319	-1.55406
1.11388	-0.751221
1.37745	-0.885014
1.47604	-0.936826
0.674042	-0.417182
0.471459	-0.222312
1.33443	-1.11959
1.3736	-1.10439
2.02471	-1.85667
1.10959	-0.783572
1.01261	-0.413827
2.55103	-2.13977
3.44442	-3.26163
3.12675	-2.77025
2.15598	-1.39449
2.13785	-1.56008
2.08179	-1.69292
2.06264	-1.50996
2.18353	-1.73436
1.91317	-1.41205
1.57173	-1.38438
1.19027	-0.960565
1.0497	-0.694765
0.937088	-0.116104
0.961097	-0.560043
0.79277	-0.379382
0.445349	-0.815097
0.54362	-1.03681
0.338748	-1.08971
0.297299	-0.978357
0.350988	-0.915393
0.326502	-1.00354
0.428787	-0.962875
0.45106	-0.748755
0.544712	-0.803345
0.685253	-1.04734
0.865474	-1.17298
0.987778	-1.25576
1.40962	-1.61164
1.56491	-1.68854
1.34253	-1.29172
1.0056	-0.905246
1.22787	-1.15017
0.950697	-0.867225
0.871891	-0.731125
0.879177	-0.411738
0.896358	-0.408903
0.922593	-0.0378806
0.917852	-0.330112
1.04113	-0.524681
0.96667	-0.650562
1.41877	-1.05987
1.90814	-1.64585
1.84002	-1.51069
2.17339	-1.91397
2.20728	-1.95059
2.31255	-2.11473
2.33324	-2.04874
2.64503	-2.572
2.5787	-2.38659
2.27381	-1.73392
1.87813	-1.15583
1.51026	-0.933828
1.48017	-1.03669
1.12574	-0.587097
1.19824	-0.662708
1.43908	-0.901352
1.1676	-0.502404
1.2507	-0.519427
1.32924	-0.821483
1.63283	-1.25124
1.28364	-0.627553
0.984064	-0.218155
1.01457	-0.448903
0.961318	-0.565504
0.918041	-0.309791
0.891805	-0.457397
0.661719	-0.417042
0.705957	-0.707086
0.683202	-0.66705
1.11073	-0.96325
2.27156	-2.38282
2.40235	-2.2547
2.40198	-2.38387
2.73432	-2.77668
2.77793	-2.81175
2.72191	-2.62764
2.90085	-2.66111
2.65548	-2.40297
1.69506	-1.41454
0.678763	-0.27263
0.489899	-0.220591
1.12231	-0.721499
0.717682	-0.523261
0.681113	-0.608357
0.859582	-0.5522
0.986289	0.135748
1.0866	0.107471
0.911798	0.245019
0.766359	0.126925
1.37848	-0.564616
1.88356	-1.3881
1.82454	-1.39942
1.77766	-1.43505
1.67913	-1.34007
1.41092	-0.99351
1.54961	-1.11849
2.25171	-2.13158
2.07218	-1.90896
1.70676	-1.35438
1.58894	-1.24492
1.81119	-1.54578
1.72185	-1.46464
1.83777	-1.59563
1.97021	-1.85193
1.75334	-1.54783
1.37336	-1.29903
0.284022	-0.840327
0.153462	-0.867469
0.170029	-0.930502
0.144672	-0.949268
0.0377707	-0.836878
0.399241	-0.760016
0.420399	-0.554981
0.56906	-0.705216
0.437891	-0.499338
0.44974	-0.520289
0.62403	-0.531434
0.416567	-0.0985239
0.253946	0.205409
0.701991	-0.336174
0.54775	-0.293202
1.44123	-0.880707
1.42614	-0.906047
1.17295	-0.777606
1.04443	-0.924483
1.28743	-1.34016
1.39403	-1.28028
1.24049	-1.12488
1.34983	-1.31808
1.39162	-1.40166
1.54885	-1.59466
1.25373	-1.21537
0.958689	-0.939335
0.669087	-1.08222
0.502185	-0.319772
1.10947	-0.767948
1.45283	-1.05803
1.36685	-1.0958
1.3856	-1.09793
1.24752	-0.995311
1.41631	-1.07575
1.24337	-0.890169
1.10186	-0.816848
1.1519	-0.877231
1.11889	-0.850658
0.93706	-0.645453
0.946163	-0.622428
1.00985	-0.705179
0.941046	-0.653284
1.12453	-0.917094
1.08401	-0.977794
1.09955	-1.07628
0.670155	-0.699516
0.421015	-0.504626
0.205198	-0.0181865
-0.168574	-0.129153
0.0197006	-0.0691076
0.183701	-0.0113184
0.502822	0.355285
0.385643	0.303731
0.681535	0.0759457
0.71048	0.149478
0.784459	0.347244
0.754801	0.225838
0.995786	0.602044
1.07844	0.342319
1.03475	0.465439
0.830353	0.272118
0.158993	-0.604324
0.708481	-0.985439
0.702351	-0.830098
0.892735	-0.635814
1.23615	-0.290153
1.83992	-1.22064
1.98993	-1.54689
1.41811	-0.723632
0.765304	0.0158484
-0.194198	0.0135045
-0.715049	-0.275991
-0.621025	-0.5944
-0.194261	0.153803
-0.658792	-0.253888
-0.543896	0.504529
0.674915	-0.0517823
1.66491	-1.29105
1.84454	-1.61074
2.17222	-2.01083
2.17032	-1.91842
2.40205	-2.07861
1.86988	-1.38114
1.81049	-1.38631
1.94347	-1.5351
1.66102	-1.24897
1.31175	-0.95449
1.16831	-0.846869
0.87117	-0.592067
0.82327	-0.633626
0.826904	-0.836084
0.92479	-1.18349
0.614825	-1.03102
0.573572	-1.02295
0.696039	-1.17667
0.972771	-1.42582
1.04998	-1.39804
1.56136	-1.48487
2.86687	-3.30671
3.27368	-3.88413
2.94183	-3.31545
2.91036	-3.29002
2.8135	-3.11057
2.88282	-3.32241
2.25945	-2.42016
1.48571	-1.2633
0.919927	-0.463716
0.719203	-0.27877
0.652533	-0.440564
0.718623	-0.527036
0.259365	-0.088077
-0.464104	-0.0245324
-0.556273	-0.295037
-0.235186	-0.261885
0.019555	-0.154509
0.0734335	-0.15156
0.197057	-0.0630481
0.246734	-0.020208
0.900148	0.734048
0.871665	0.564627
1.19598	0.986162
0.994324	0.650717
0.721337	0.149711
0.254297	-0.592746
0.145151	-0.691663
0.160747	-0.533564
0.533312	-0.602754
0.748919	-0.874794
0.928868	-1.12015
0.945358	-1.12551
1.16901	-1.28963
1.23594	-1.16123
1.05729	-0.962051
0.592935	-0.450977
0.381795	-0.16941
0.681081	-0.394914
1.35164	-0.444388
0.939386	-0.0624321
1.67499	-0.809679
1.55717	-0.757425
1.77135	-1.17917
1.61219	-1.08384
1.07464	-0.544991
1.0336	-0.632118
1.16837	-0.636593
1.08787	-0.745675
1.13995	-0.826387
1.69463	-1.37154
1.40844	-1.29124
1.221	-1.09459
2.01612	-1.82132
2.63161	-2.8133
1.78867	-1.40007
1.09884	-0.792353
0.927355	-0.729223
0.98807	-0.675773
1.03574	-0.697312
1.35858	-1.07383
1.5765	-1.42612
1.42036	-1.24619
1.73915	-1.62345
2.35177	-2.63189
1.93049	-2.00281
2.44463	-2.51708
2.51491	-2.67109
1.85945	-2.04597
1.63792	-1.58279
1.34092	-1.41234
1.64632	-1.49737
1.24901	-1.19014
1.38085	-1.27753
1.19049	-1.27085
1.01292	-1.25574
0.850715	-1.31075
0.812168	-1.25637
0.952657	-1.2762
1.00189	-1.21114
1.02822	-1.0952
1.19361	-1.11214
1.34516	-1.17631
1.56973	-1.41733
1.76495	-1.59326
1.73793	-1.51144
1.49124	-1.19349
1.7662	-1.35189
1.47216	-0.814645
2.56264	-2.18087
2.44436	-2.44156
1.87669	-1.61846
2.01506	-1.76516
2.06921	-1.76761
2.14919	-1.84443
2.08767	-1.74014
2.25142	-2.01266
1.91814	-1.618
1.70083	-1.45047
1.5844	-1.43714
2.12535	-2.36278
2.16647	-2.26999
1.58224	-1.05535
1.71278	-1.08999
1.72949	-1.20894
1.48667	-0.84077
1.9611	-1.54905
2.13511	-1.75375
1.55133	-0.9773
2.2507	-2.2795
1.78101	-1.51977
1.68492	-1.4519
1.87003	-1.48209
1.53027	-1.28372
1.32148	-0.908022
0.904202	-0.66336
0.898269	-0.548607
1.38976	-0.748713
1.22882	-0.295443
1.15039	-0.590893
0.917499	-0.370462
1.03848	-0.390053
0.927467	-0.0602706
1.12182	-0.41022
1.21686	-0.610569
1.04001	-0.352354
0.886814	-0.096278
1.10569	-0.376402
0.821893	-0.0847385
2.00545	-1.81822
1.85537	-1.79972
1.22116	-1.36278
1.29632	-1.49463
1.51438	-1.73331
1.11604	-1.38831
1.04776	-1.34475
0.805637	-1.11334
0.747158	-0.988915
1.1044	-1.36688
1.40552	-1.73419
1.37404	-1.46634
0.669236	-0.518066
0.179115	-0.164011
0.142809	-0.0906556
0.334698	-0.0312326
1.0388	-0.820438
0.81571	-0.698746
0.554977	-0.399425
0.471587	-0.341334
0.513396	-0.398676
0.644552	-0.491412
0.841638	-0.63312
1.19536	-0.929583
1.61938	-1.28238
0.696254	-0.514215
-0.12182	-0.107234
-0.0281166	-0.101339
0.150682	0.362387
0.0808359	0.312499
0.161564	0.434637
0.0860412	0.415269
-0.347186	0.311972
0.482169	-0.0265599
1.08919	-0.581005
2.00418	-1.5256
1.78344	-1.54426
1.0704	-0.879121
1.01973	-0.884645
1.01581	-0.901961
0.833494	-0.423128
0.981499	-0.31265
0.987259	-0.607162
0.985509	-0.611765
1.02271	-0.569323
1.0116	-0.678189
1.55315	-1.04406
0.953631	-0.667523
0.613684	-0.382254
0.664752	-0.39219
0.895866	-0.574307
1.42607	-1.32466
1.19952	-1.11557
1.29459	-1.11416
1.28076	-1.07631
1.41298	-1.16486
1.83021	-1.67502
1.63744	-1.3155
1.51334	-1.17976
1.61204	-1.37283
1.54027	-1.30519
1.81647	-1.65248
1.66606	-1.49635
1.89931	-1.83873
1.56017	-1.37731
1.41371	-1.20438
1.366	-1.11227
1.60536	-1.36608
1.53741	-1.24842
2.07054	-1.95551
2.01517	-1.94194
1.93881	-1.71552
1.16142	-0.887435
1.27096	-0.843703
1.7995	-1.68654
1.543	-1.47825
1.66639	-1.58991
1.55887	-1.32283
2.45064	-2.29026
1.63647	-1.31571
2.22095	-2.41208
2.32371	-2.2989
1.02073	-0.780477
0.474972	-0.217034
0.519069	-0.144645
0.540891	0.168208
0.472869	-0.0103813
0.703205	0.098087
0.883366	-0.034862
0.846168	0.286424
1.11228	0.539318
0.81895	-0.211808
1.92951	-1.98862
2.09502	-2.14389
2.53066	-2.68925
1.98021	-1.93589
1.74858	-1.6932
1.61775	-1.44825
1.16399	-0.839642
1.26626	-0.976866
1.26778	-0.95793
1.1827	-0.800936
1.29676	-0.976271
1.39816	-1.08509
1.28127	-0.987809
1.49462	-1.17043
1.47716	-1.15075
1.68508	-1.39992
1.92983	-1.64164
1.88533	-1.46742
2.17651	-1.72615
2.15028	-1.65807
2.02438	-1.2602
1.68664	-0.989716
1.82959	-1.14479
1.06034	-0.132175
1.13064	-0.169174
0.907547	-0.0982847
1.05657	-0.189278
1.01705	-0.0739461
0.988813	0.0175719
1.1803	-0.0481796
1.25649	-0.407569
1.1619	-0.588744
1.46333	-1.16771
1.60675	-1.46133
2.24801	-2.43251
1.49053	-1.62049
1.16873	-1.21674
0.984861	-0.996738
1.08945	-1.10863
1.18361	-1.08839
1.01059	-0.74274
0.970813	-0.763722
1.45354	-1.23707
0.977231	-0.333708
0.318323	-0.374546
0.011812	-0.334913
0.435909	-0.199424
0.696447	0.0899639
0.753658	0.212796
0.710991	0.369457
0.69212	0.461869
0.198364	-0.0572116
0.0786962	-0.268102
0.564929	-0.498503
1.46878	-1.19762
2.31312	-2.08244
1.94363	-1.94192
1.55814	-1.465
1.32618	-1.15209
0.960779	-0.759197
0.853008	-0.606317
0.852119	-0.650142
1.12714	-0.958302
1.38172	-1.0629
1.46496	-0.916872
1.10025	-0.559238
1.13925	-0.558671
1.53888	-0.955779
1.96723	-1.45548
1.7074	-1.38023
-0.101045	-0.0816392
-0.0825471	-0.246683
-0.0979836	0.173455
0.0265476	0.294615
-0.0614586	0.405397
0.341475	0.180698
0.483292	0.186322
0.454943	0.208518
0.397019	0.197673
0.557863	0.0213879
0.675844	0.024033
0.468147	0.19362
1.02979	-0.702384
1.16364	-0.792764
1.22613	-0.948142
1.67618	-1.5711
1.36066	-1.16479
1.52594	-1.31354
1.63794	-1.34125
0.643299	-0.932195
0.364442	-0.817819
0.775504	-0.704345
0.774482	-0.187267
0.720236	-0.275127
0.760825	-0.292513
1.15285	-0.719143
0.865893	-0.430823
1.09608	-0.635292
0.840204	-0.490931
0.654242	-0.215144
0.956191	-0.770355
1.45228	-1.2165
2.93295	-3.09316
2.04144	-1.62622
1.97222	-1.6202
2.12556	-1.87315
1.42287	-0.760999
1.01512	-0.493891
1.31046	-0.794265
1.46886	-0.947802
1.5835	-1.14092
1.82007	-1.38509
1.45051	-1.01506
0.746423	-0.0095397
0.856741	-0.587278
1.30266	-1.26313
1.52206	-1.50642
1.92227	-1.98292
2.12524	-2.26363
2.28045	-2.46689
1.99565	-2.11886
2.0485	-2.14211
1.88851	-1.96948
2.08453	-2.28579
2.24477	-2.43415
1.29159	-1.22226
1.11554	-1.00947
0.396288	-0.225058
0.624479	-0.622113
0.811716	-0.935554
0.820073	-1.07809
0.798263	-1.13689
0.898649	-1.15458
0.7405	-1.04542
0.838249	-1.13618
0.782682	-1.02947
0.749941	-0.900747
0.717183	-0.746589
0.304622	-0.267457
0.587467	-0.565654
1.11158	-1.02522
1.12153	-1.10667
0.561524	-0.545912
0.59573	0.0734795
0.890674	0.551528
1.08959	0.181526
1.81349	0.824554
1.83789	0.982436
1.56683	0.777392
0.825113	0.0442307
0.66232	-0.385308
0.485643	-0.447097
0.621185	-0.344099
0.79551	-0.402033
0.796965	-0.335389
0.798063	-0.407799
0.68958	-0.12395
0.858964	-0.425643
1.08578	-0.66963
0.843275	-0.323492
1.00994	-0.373781
0.924577	-0.153721
1.06156	-0.431414
0.899101	-0.103461
1.02807	-0.219035
1.00331	-0.243988
0.916065	-0.115264
0.79948	-0.379729
1.38401	-0.63222
1.03689	-0.37174
1.19109	-0.803087
1.40773	-1.10289
1.66566	-1.32871
1.57852	-1.30809
1.73578	-1.36941
2.04258	-1.41196
1.12559	-0.45016
0.66842	-0.0379903
0.598543	-0.390075
0.476838	-0.190691
1.07011	0.333702
0.987622	0.288191
0.86195	0.140372
0.814637	0.291861
0.825539	0.0653532
0.781054	-0.0838656
0.803893	0.0664231
0.908491	-0.412664
1.06279	-0.412326
0.808095	-0.530751
-0.0267323	-0.00878711
-0.390673	0.309809
-0.336915	0.188214
-0.0805618	-0.222054
0.720353	-1.04688
0.715563	-1.02055
0.413797	-0.397523
0.875766	-0.73673
0.692136	-0.643228
1.02776	0.0441999
0.350077	-0.643935
0.860599	-0.972449
1.23006	-1.25369
1.28128	-0.958414
2.02949	-1.94586
2.27683	-1.96977
2.57616	-2.60063
1.9691	-2.02656
1.41881	-1.68692
1.31124	-1.69137
1.01499	-1.40615
1.49097	-2.01924
1.35403	-1.79628
1.71381	-2.15678
2.08368	-2.47361
2.02195	-2.02204
1.20097	-1.14158
1.26505	-1.34324
0.972094	-0.877284
1.03344	-0.725859
1.18733	-0.781507
1.08156	-0.457728
1.17465	-0.618459
0.975928	-0.529525
0.728207	0.0553531
0.603875	-0.0738564
1.81013	-2.00829
2.35167	-2.56295
2.97919	-3.18708
2.03751	-1.80593
2.25068	-1.87084
2.65896	-2.52977
2.7726	-2.67724
2.43779	-2.08072
2.41579	-2.03386
2.14584	-1.4412
2.46462	-1.82545
2.05088	-1.23024
2.17532	-1.35001
2.7041	-2.14085
1.59644	-0.558921
1.47178	-0.999562
0.899476	-0.571673
1.40129	-0.951446
0.247159	-0.250682
0.0593874	-0.192979
0.743961	-0.0140825
1.04013	0.33728
1.03364	0.246687
1.19371	0.369338
1.15122	0.219591
1.46749	0.616567
1.08576	0.170496
1.27873	0.407118
1.16644	0.135352
0.764344	-0.12601
0.650537	-0.239421
0.556956	0.0818666
0.766442	0.0592872
0.598931	-0.154995
0.761866	-0.283988
0.785769	-0.0513176
0.934054	-0.381707
0.762257	0.20471
0.803974	0.174795
0.99298	-0.151122
0.848379	-0.0011449
0.840384	-0.157428
0.849365	0.0104848
0.783943	0.0500859
0.848568	-0.134447
0.767661	-0.160689
0.723023	-0.332242
0.676352	-0.87925
1.12761	-1.03594
1.06307	-0.854771
1.13484	-1.12481
0.946972	-1.26366
0.440719	-0.429162
0.371026	-0.451057
0.707696	-0.537081
0.538471	-0.152775
0.644437	-0.320336
0.667455	-0.310009
0.724168	-0.360051
0.818886	-0.420776
0.816477	-0.457505
0.658583	-0.338525
0.830898	-0.518246
0.67351	-0.0395747
0.698478	0.0363741
0.784242	-0.481928
0.702338	-0.387316
0.926938	-0.51492
1.12801	-0.734023
1.41808	-1.15445
0.936389	-0.594066
0.958613	-0.634175
1.0469	-0.755696
1.05431	-0.732433
1.06405	-0.752438
0.865233	-0.678364
0.908103	-0.74563
0.97394	-0.744698
0.999604	-0.489494
1.15821	-0.559018
1.27252	-0.816964
1.22477	-0.901487
0.989657	-0.543858
1.39421	-1.00749
2.17879	-1.99875
2.17503	-1.82036
2.21463	-2.2341
2.33687	-2.28773
2.60961	-2.50853
2.42307	-2.05886
2.24088	-1.86586
2.45585	-1.9556
1.49331	-0.99972
1.04062	-0.575645
1.25891	-0.881789
1.02731	-0.673468
1.18387	-0.984899
0.872126	-0.3063
0.671611	-0.166611
1.13643	-0.711842
1.28574	-1.04489
1.59198	-1.43784
1.17151	-0.773592
0.737244	-0.254575
0.40322	-0.075049
0.427088	-0.129999
0.95657	-0.287365
0.906705	-0.541857
0.752013	-0.687394
0.699174	-0.571736
0.660193	-0.366818
0.728438	-0.316288
0.614529	-0.158373
0.518512	-0.0356576
0.525226	-0.0703679
0.589393	-0.143769
0.730799	-0.278406
0.870443	-0.398962
0.824546	-0.320954
1.2027	-0.654141
1.29833	-0.842676
1.38151	-0.990498
0.610626	-0.403668
0.401262	-0.150097
0.358371	0.0593404
0.498624	0.139657
0.761759	0.211314
0.574936	0.235955
0.760963	0.133899
0.45275	0.326874
0.743414	0.40013
0.846982	-0.479168
1.29174	-1.02951
1.28769	-0.928415
0.719357	-0.432081
0.721282	-0.528587
0.752608	-0.676428
0.584231	-0.755677
0.471178	-0.755485
0.363546	-0.853144
0.214473	-0.916628
0.123185	-0.987057
0.0410481	-0.959617
0.0954421	-0.958839
0.100389	-0.81651
0.11953	-0.817481
0.5038	-0.321723
2.03995	-1.84509
2.22339	-2.13297
2.42038	-2.5555
2.46847	-2.6076
2.44394	-2.58989
2.51529	-2.48126
2.1673	-1.90809
2.01457	-1.92221
2.09339	-1.7265
2.37418	-1.59575
1.97284	-0.681242
1.87759	-0.594021
1.74373	-0.2142
1.70337	-0.206859
2.05445	-0.674376
2.44471	-1.14788
2.42805	-1.01414
2.25816	-0.857818
1.94013	-0.525174
1.94498	-0.637534
1.11459	-0.299921
0.92552	-0.202043
0.756167	0.0536292
0.908017	0.060022
1.0738	-0.178371
0.613058	0.177708
0.915329	-0.233871
1.0266	-0.288452
0.880151	0.332847
0.605996	0.0393856
1.78139	-1.38096
2.31775	-1.99079
1.6768	-1.33177
1.92299	-1.73092
1.52862	-1.15318
1.48292	-0.909581
1.24721	-0.698174
1.05038	-0.544894
0.668	-0.107476
0.761736	-0.0855724
0.880774	-0.0266348
0.899111	0.254613
1.18235	0.0557845
1.2129	-0.741727
1.1539	-0.93958
1.07948	-0.767904
0.862149	-0.499275
0.77443	-0.468978
0.793273	-0.58502
0.901861	-0.81238
1.03561	-0.866652
0.960908	-0.665454
1.11154	-0.94573
0.935545	-0.883224
1.06054	-1.04508
1.5916	-1.70412
1.46969	-1.32951
1.43099	-1.36949
1.8195	-1.82883
1.33477	-1.10564
1.05219	-0.911992
0.911537	-0.685513
0.873106	-0.487599
0.849386	-0.418407
0.794973	-0.366158
0.80438	-0.446405
0.845084	-0.577667
0.807094	-0.641232
0.803038	-0.838336
0.655823	-0.870907
0.543519	-0.893499
0.565815	-1.00884
0.600013	-1.09959
0.491298	-0.995824
0.599195	-1.03231
1.00597	-1.12982
1.99107	-2.15879
2.29625	-2.64861
2.32212	-2.60494
2.21544	-2.46819
2.1699	-2.3849
1.77456	-1.65388
1.35457	-0.621398
1.10878	-0.546537
1.38654	-0.980294
1.42478	-0.992128
1.10568	-0.519614
1.08088	-0.466888
1.14015	-0.567142
1.15636	-0.643562
1.21954	-0.776533
1.33184	-0.945012
1.53083	-1.18393
1.48948	-1.2381
1.19552	-0.488407
1.33742	-0.937383
1.23398	-0.810117
1.06623	-0.835746
1.44754	-1.25525
0.990745	-0.610595
1.0039	-0.634061
1.07821	-0.650605
1.17866	-0.941463
1.01141	-0.692585
0.70296	-0.26984
0.403896	-0.207885
0.813083	-0.140569
0.85329	-0.0781428
0.489426	-0.378159
1.0092	-0.605319
0.760773	-0.401246
0.970047	-0.376869
0.980674	-0.336567
0.980255	-0.462065
0.979342	-0.314154
0.846655	-0.204916
0.846826	-0.137966
0.938513	-0.218427
1.05039	-0.196506
0.901968	-0.408424
1.25928	-0.887844
1.97999	-1.44058
2.40315	-2.30452
1.96356	-1.87942
2.20452	-2.05592
2.21437	-2.10807
2.21926	-2.03014
2.91996	-3.15393
2.86127	-2.94082
3.14999	-3.36741
1.86149	-1.58307
1.71166	-1.48852
3.22671	-3.6855
2.41907	-2.47097
2.0194	-2.00938
1.75469	-1.63009
1.76792	-1.51723
2.0007	-1.82871
2.25637	-2.26953
2.51558	-2.64147
1.46209	-1.19106
1.16964	-0.8758
0.951638	-0.658659
0.738696	-0.45654
0.208585	0.127378
-0.000213509	0.240615
0.0858175	0.116938
0.347134	-0.13071
0.701871	-0.652372
0.814124	-0.700288
0.764616	-0.533264
0.673425	-0.403817
0.748436	-0.484551
0.87977	-0.611921
0.886817	-0.666302
0.98945	-0.854572
1.17318	-1.08451
0.955723	-0.913018
1.02203	-0.62518
1.42865	-1.16862
1.08325	-0.779725
1.00035	-0.548322
0.82284	-0.633512
0.961252	-0.634357
0.990567	-0.734655
0.914327	-0.631952
0.613189	-0.144705
0.755206	-0.215561
0.901322	-0.202521
1.89017	-1.29988
1.71504	-0.719904
1.74812	-0.810188
1.91674	-1.21234
1.52091	-0.814001
1.32759	-0.848022
1.36952	-0.400936
1.70615	-0.891614
1.81437	-0.8987
1.54738	-0.363005
1.12154	0.187251
0.942558	0.415285
0.797937	0.608251
0.708109	0.423126
0.789956	0.286492
0.73887	0.302842
0.870053	-0.000194412
0.827788	-0.0504334
0.692332	0.0521281
0.716293	0.128246
0.69534	-0.00404047
0.464695	0.135097
0.439681	-0.0812763
0.438048	-0.061577
0.496804	-0.142549
0.164638	-0.0297764
0.169566	-0.113091
0.376951	-0.0452748
0.327855	0.10746
1.16689	-0.829625
2.30413	-2.57324
1.84858	-1.90912
1.42519	-1.46136
1.14652	-1.2131
1.48126	-1.50474
1.39176	-1.22171
1.06564	-0.910705
0.774978	-0.555336
1.20287	-1.04697
0.582848	-0.0604005
0.530788	-0.0574129
1.22845	0.921187
1.2931	0.958441
0.929846	0.0179637
0.985488	-0.0229642
0.955714	-0.00310865
0.920119	0.021122
0.903671	-0.0262352
0.973099	-0.255365
0.822296	0.0040537
1.0057	-0.0320074
0.916927	-0.219511
1.06357	-0.399939
0.739803	0.192321
0.614052	0.452341
0.501415	-0.00597436
0.53127	-0.350313
0.556239	-0.416879
0.584194	-0.415474
0.317361	-0.146285
0.493095	-0.288931
0.143819	-0.108761
-0.12118	-0.0292771
0.0525111	-0.0829948
0.365168	-0.0420114
0.45278	-0.27399
0.491628	0.311087
0.351693	0.492472
0.178392	0.112402
0.807589	-0.79538
0.748229	-0.639667
0.766931	-0.589328
0.839408	-0.619143
0.944544	-0.885367
0.890927	-0.852703
1.0642	-0.950821
0.744204	-0.579332
0.776819	-0.555776
0.934464	-0.694829
1.23809	-0.94134
0.891679	-0.522104
0.961992	-0.594658
1.17529	-0.795846
1.18383	-0.806667
1.08271	-0.838811
0.887623	-0.661917
1.09767	-0.606095
1.02268	-0.506237
0.854019	-0.526606
0.651529	0.287768
0.517903	0.101822
0.900373	-0.582811
1.07408	-0.831845
0.926627	-0.89273
0.237831	-0.405778
0.45542	-0.569265
0.503082	-0.810379
0.713966	-1.09111
0.9795	-1.32335
1.33974	-1.65422
1.78522	-1.8056
0.969994	-0.780235
0.904137	-0.919518
0.86756	-0.801887
0.83154	-0.824359
0.774969	-0.685681
0.768723	-0.356299
0.901773	-0.115378
0.906795	-0.547739
1.22303	-0.693478
2.77864	-2.89032
3.08474	-3.16305
2.63921	-2.61166
2.57188	-2.72421
2.32606	-2.43479
2.29457	-2.31283
2.01356	-1.83157
1.59459	-1.06473
0.851431	-0.159055
0.839589	-0.615773
0.35382	-0.632489
0.63587	-0.170935
0.625852	0.0718283
0.712062	0.212189
1.12213	0.488693
1.56195	1.17151
1.64055	1.1481
0.944932	0.287807
0.998957	0.556504
0.88435	0.341835
0.531534	-0.651135
0.366444	-0.549715
0.0271546	0.0280307
0.0415315	-0.0376308
0.119384	-0.22992
0.392357	-0.442288
0.444798	-0.25439
0.824595	-0.507213
1.22397	-0.760384
1.73332	-1.41753
1.69187	-1.42834
1.7444	-1.72614
1.77718	-1.81657
2.27305	-2.49796
2.80759	-3.16022
2.50928	-2.41965
1.84692	-1.68998
2.36211	-2.49838
2.45237	-2.69714
1.92927	-1.95385
1.78788	-1.74357
1.97457	-1.89478
1.52504	-1.27002
1.02868	-0.651173
0.0866728	-0.260005
0.171236	-0.519024
0.0668694	-0.278256
0.336584	0.196744
0.522419	0.0150855
0.616708	0.496774
0.879168	0.385328
0.893151	0.758984
0.653452	0.452463
0.602125	0.243493
0.318715	-0.324273
0.0509537	-0.553473
0.390549	-0.474659
0.729255	-0.698055
1.10916	-1.14912
1.18583	-1.18961
1.35704	-1.3729
1.32111	-1.27011
1.53749	-1.51761
1.89667	-1.93178
1.56816	-1.43567
0.926002	-0.867248
0.878767	-0.690387
1.02595	-0.889325
1.02194	-0.860515
1.2447	-0.844427
1.34937	-1.23858
1.47255	-1.24854
1.53289	-1.198
1.48463	-1.13611
1.42554	-1.03431
1.42637	-1.074
1.47544	-1.20302
1.81338	-1.55298
1.92315	-1.62405
1.88326	-1.6565
2.14862	-1.72569
2.29919	-2.02416
2.27823	-2.20277
2.31454	-2.39667
2.22834	-2.30107
2.33123	-2.39377
2.41077	-2.47293
2.04781	-1.98324
2.02546	-1.94947
1.9419	-1.92651
2.46949	-2.3034
2.68144	-2.65736
2.91579	-2.89167
3.10895	-3.28568
3.06641	-3.31857
2.1507	-2.11142
1.22101	-1.29065
0.895645	-1.22201
0.547422	-0.933805
0.313491	-0.835594
0.298775	-0.819184
0.351712	-0.883463
0.424493	-0.932935
0.421647	-0.8703
0.528071	-0.900169
0.630366	-0.916763
0.767446	-0.987142
0.747676	-0.861157
0.768862	-0.784261
1.06402	-1.09423
1.07952	-1.07503
0.593801	-0.44787
0.634484	-0.710466
0.788889	-0.946528
0.688833	-0.915707
0.478402	-0.38972
0.570451	-0.510491
0.790553	-0.597355
0.950631	-0.724172
1.15987	-0.888025
0.993533	-0.642644
1.17049	-0.768589
1.18676	-0.835206
1.38101	-1.02628
1.54293	-1.30075
1.5049	-1.27518
1.96314	-1.77418
1.85543	-1.59364
2.05299	-1.86597
1.92903	-1.62599
2.03453	-1.7944
2.13146	-1.88601
2.08726	-1.74991
2.518	-2.40305
2.69382	-2.80887
2.90474	-3.10374
3.14765	-3.43123
2.6118	-2.5626
2.97293	-3.10129
2.75739	-2.95616
2.31854	-2.4104
2.52902	-2.75825
2.59058	-2.82002
2.27334	-1.9974
2.71707	-2.8397
2.40191	-2.43933
2.64281	-2.75977
2.3027	-2.30777
2.6774	-2.82751
2.81238	-2.98086
3.08944	-3.32835
2.62333	-2.61105
2.63449	-2.67018
2.22585	-2.21278
2.23563	-2.15379
2.47967	-2.21877
1.98692	-0.892426
1.83452	-0.660413
1.32086	-0.14356
1.63947	-0.713062
1.81732	-0.71676
1.62543	-0.345103
1.86969	-0.318233
1.46709	-0.0485812
1.34907	-0.0232861
1.58472	-0.214969
1.51129	-0.369073
1.40446	-0.527676
1.10879	-0.298171
1.43585	-0.57269
1.13273	-0.423871
0.874769	-0.441077
1.20796	-0.564747
1.51526	-1.09142
1.27716	-0.716917
1.40877	-0.89882
0.676914	-0.230696
0.763059	-0.372081
1.09151	-0.994835
2.29302	-2.18805
2.44322	-2.12191
2.23141	-1.80416
2.56	-2.42399
2.21821	-1.88869
2.50747	-2.28322
2.67313	-2.54086
2.27313	-1.93062
2.54547	-2.49713
2.58624	-2.43655
3.11711	-3.29801
2.50633	-2.54595
2.4267	-2.18539
2.31691	-1.90036
1.97031	-1.3739
1.45016	-0.740167
1.02872	-0.655808
0.881802	-0.829369
0.181673	-0.459172
0.479039	-0.454306
0.928174	0.355891
1.16886	0.559287
1.25985	0.65262
1.36628	0.829143
1.13557	0.744471
0.846238	0.510776
1.00338	0.5616
0.54558	-0.0488345
0.63928	-0.825557
0.636698	-0.670721
0.915128	-0.947503
0.977817	-1.07303
1.01784	-1.11116
0.980196	-1.06021
1.42724	-1.61858
1.80621	-2.05625
0.710294	-0.932307
0.762692	-1.13942
0.292787	-0.676187
0.305205	-0.844508
0.585056	-0.759392
0.947145	-0.700849
1.30722	-1.02455
1.81069	-1.62365
1.51878	-0.720125
1.72184	-0.864474
1.59994	-0.867003
1.61853	-0.75067
2.29644	-1.17017
3.42885	-3.49199
2.84029	-2.72582
1.65915	-1.39704
0.230626	-0.0981847
1.01605	-0.52632
1.57023	-1.05279
1.66493	-1.36537
2.06315	-1.6986
2.29898	-1.9819
2.44009	-2.17595
2.1517	-1.51247
1.334	-0.326541
0.879802	-0.0650446
0.716595	-0.0939362
0.936296	-0.30751
0.629029	0.105683
0.715718	-0.00481652
0.617735	0.307335
0.62601	0.122356
0.287489	0.282174
0.520432	0.145202
1.3394	-0.639851
2.11085	-1.59753
1.90777	-1.40252
2.70216	-2.72162
2.85657	-2.31292
2.64612	-1.86213
3.24436	-3.04988
1.56064	-0.784076
0.561274	-0.306108
0.411855	-0.608452
1.12019	-0.819097
1.0836	-0.585969
0.84463	-0.380065
1.07709	-0.558114
0.967042	-0.416138
0.755587	-0.33497
0.87734	-0.272934
0.704598	0.278337
0.543351	0.196163
0.758557	-0.308239
1.89419	-1.58512
1.5324	-0.951916
1.21842	-0.498795
1.85769	-1.14722
1.59185	-0.828587
1.63089	-0.869325
1.78133	-0.965554
1.82891	-0.861181
1.30542	-0.309286
1.32036	-0.161997
1.26746	0.00793955
1.18544	0.128042
0.613678	0.7019
0.983675	0.356655
1.44439	-0.054053
1.92162	-0.528812
2.13391	-1.13111
0.875614	0.0152831
0.85213	-0.221186
0.755175	-0.0920399
0.995874	-0.163684
1.01501	-0.132568
1.01723	-0.140992
0.840066	0.168733
0.808745	0.105611
0.74265	-0.142812
0.959533	-0.624128
1.18906	-0.920226
1.83964	-1.49839
1.4186	-1.20975
1.80553	-1.30431
2.27797	-2.00704
2.92359	-3.01393
2.73338	-2.77272
2.24795	-2.0962
2.18081	-1.91559
2.10114	-1.83281
2.19766	-1.87959
1.38035	-0.711767
0.619522	0.0456387
0.794673	-0.531291
1.17056	-0.893895
1.05775	-0.302529
1.70639	-1.02221
1.14846	-0.359182
1.2295	-0.540544
1.20241	-0.909542
1.39967	-1.20327
1.59022	-1.36197
1.85325	-1.75103
1.41858	-1.25827
1.78999	-1.7679
1.26193	-1.11426
1.03195	-0.992456
0.826744	-0.936677
0.727806	-1.05895
0.598685	-1.00944
0.630832	-1.06627
0.567127	-1.01668
0.56156	-0.985273
0.558273	-0.981362
0.603101	-1.01023
0.65461	-1.00567
0.811115	-1.09642
0.997614	-1.30287
0.954656	-1.26641
0.813567	-1.27681
0.835421	-1.0778
1.0377	-1.18134
1.41294	-1.59004
0.977611	-1.42969
1.13412	-1.30427
0.844155	-0.759198
0.476969	-0.464916
-0.00895559	-0.165923
0.0929393	-0.0339678
0.260154	0.375698
0.29014	0.0853298
-0.190486	-0.030225
-0.0932538	-0.0990736
0.996821	-0.877349
1.33646	-1.32716
1.07508	-0.937216
1.15726	-0.962141
1.02577	-0.694357
1.25069	-0.901751
1.51298	-1.19945
1.54471	-1.13638
1.3566	-0.813883
1.54103	-0.693972
1.26285	-0.498791
1.26857	-0.796623
1.1105	-0.492495
1.10113	-0.62925
0.778009	-0.441793
1.14162	-0.628409
0.791774	-0.624991
0.97315	0.122905
0.869537	0.18752
0.27948	-0.554912
0.320804	-0.207075
0.539144	0.0588434
1.68923	-1.30156
2.68782	-2.7998
2.66231	-2.53208
1.91104	-1.65535
1.38721	-0.991963
1.20929	-1.11211
1.8015	-1.87691
1.5393	-1.40919
1.21333	-0.877394
0.412751	-0.4588
0.536387	-0.208078
0.798168	-0.629379
0.943403	-0.569614
0.878531	-0.527304
0.985009	-0.309241
1.04309	-0.289889
0.685704	-0.0813081
0.392905	-0.41128
0.809314	-0.909428
0.977703	-0.977745
1.22716	-1.17616
1.21014	-1.08799
1.76263	-1.75308
1.8871	-1.86084
1.89564	-1.76815
2.18101	-2.17256
1.31813	-0.840476
0.777792	-0.18819
-0.12248	0.329394
-0.571712	0.0793487
-0.701424	-0.043054
-0.386184	-0.349242
-0.47832	-0.112666
-0.509673	0.256096
-0.340197	0.450099
0.738321	0.377636
2.25885	-1.82169
2.88053	-2.92132
2.16898	-1.89187
1.9844	-1.63471
1.99045	-1.57936
2.09983	-1.54982
1.09995	-0.400106
1.18502	-0.686738
0.85481	-0.337998
1.63547	-0.94625
1.91278	-1.54675
1.88485	-1.52522
1.56821	-1.02475
2.09965	-1.77296
1.59526	-1.17133
2.05282	-1.49338
2.33973	-1.90061
2.72958	-2.46959
3.2216	-3.20099
2.91145	-2.92594
2.27606	-2.13613
2.57016	-2.54747
2.59761	-2.21992
2.32097	-1.80549
2.71927	-2.6129
2.26687	-1.95636
3.17693	-3.42306
2.58842	-2.61412
2.31427	-2.01502
1.96803	-1.23609
1.64502	-1.03038
1.61695	-0.998366
1.37064	-0.643535
1.59069	-0.91773
1.98878	-1.63448
2.02155	-1.67219
1.84449	-1.28639
0.964704	-0.354041
0.622406	-0.264985
0.885595	-0.0604455
1.51236	-0.480956
1.0494	-0.194077
1.6937	-1.03613
1.59009	-0.880576
1.48939	-1.0298
1.47885	-1.05128
0.954519	-0.468644
0.916969	-0.434652
0.909646	-0.538203
1.1205	-0.636375
2.00072	-1.39122
2.86595	-2.68014
2.21155	-1.86432
1.33348	-0.576912
1.34611	-0.569505
1.80013	-1.21157
1.72069	-1.18531
1.48078	-0.943898
1.21728	-0.555716
1.31377	-0.785574
0.813424	-0.285009
0.956549	-0.343785
1.32225	-0.855856
1.27631	-0.699494
0.945625	-0.261984
0.844525	-0.289741
0.973135	-0.385985
0.446825	0.170083
0.448056	0.152345
0.456886	0.470065
0.570182	0.439838
0.794947	-0.0826779
1.93015	-1.3425
2.52234	-2.23659
1.55725	-0.731634
1.31942	-0.393367
1.84752	-1.12373
1.5063	-0.573303
1.54287	-0.812125
1.39782	-0.982997
0.595415	-0.406974
0.625394	-0.515191
0.919882	-1.0948
0.8001	-1.20914
0.742565	-1.1283
0.484512	-0.884169
0.179171	-0.782387
0.155751	-0.887275
0.28908	-0.810668
0.436664	-0.999297
0.787056	-1.20344
1.20937	-1.37996
1.24063	-1.13699
1.15147	-0.803569
0.960186	-0.831458
0.719834	-0.392598
0.377382	-0.186426
0.804219	-0.443182
1.07515	-0.769727
0.950408	-0.595586
1.17329	-0.676704
0.86691	-0.394895
0.963445	-0.474442
0.948425	-0.500729
0.484551	0.077734
0.809594	0.0577359
0.84836	-0.101418
0.962569	-0.324679
0.91501	-0.518884
0.697859	-0.0433172
0.924571	-0.121219
0.72576	0.249334
0.961977	-0.017811
0.825932	0.104234
0.755502	0.0891478
0.928941	-0.203488
0.897787	-0.125977
0.887616	-0.234396
0.952847	-0.636905
1.07822	-0.597792
1.24959	-0.939819
1.55776	-0.993605
1.92453	-1.55755
2.26843	-2.05358
1.57024	-1.30815
1.6791	-1.53489
1.8674	-1.74137
1.72739	-1.48083
1.91355	-1.77242
1.75491	-1.59364
2.3374	-2.3035
2.07131	-1.99771
1.88257	-1.75608
1.82435	-1.63007
1.63415	-1.35812
1.61548	-1.33536
1.82219	-1.59033
1.68585	-1.42644
1.8709	-1.73826
2.17326	-2.2106
1.8179	-1.80937
1.29459	-1.14234
1.30258	-1.24603
0.788981	-0.817397
0.467619	-0.187429
0.457958	0.014982
0.893778	0.26643
0.990827	0.345131
1.24015	0.612773
1.28604	0.441648
1.40322	0.693156
0.959578	0.193462
0.815938	-0.478294
0.817065	-0.486635
1.46463	-1.1518
1.70038	-1.41644
1.68842	-1.4558
1.46091	-1.16344
1.73697	-1.4282
1.92456	-1.56135
1.84237	-1.41658
1.91891	-1.51444
1.65259	-1.14561
1.78429	-1.38829
1.68383	-1.21867
1.9788	-1.55613
1.89627	-1.50008
1.61297	-1.47645
1.49485	-1.39952
1.41304	-1.25726
1.61906	-1.47259
1.59044	-1.4286
1.91653	-1.7396
1.87658	-1.61219
1.78418	-1.66849
2.07623	-1.97405
2.29321	-2.23916
2.15871	-2.17987
1.68388	-1.65425
1.44292	-1.40757
1.36539	-1.41834
1.27189	-1.36311
0.147606	-0.219783
-0.0507568	-0.204266
-0.105754	-0.377596
-0.194311	-0.516867
-0.425327	-0.296301
-0.23966	-0.136613
0.0890797	-0.214453
0.308821	-0.313219
0.396481	-0.0867495
0.878245	-0.0328949
0.772972	-0.399188
0.417706	-0.175182
0.289905	-0.112194
0.41586	-0.178621
0.620282	-0.277447
0.434047	0.0133584
0.580076	-0.0819329
0.570248	-0.000472864
0.456241	0.179467
0.406445	0.314702
0.118115	0.374188
0.703934	-0.217307
0.912124	-0.391065
0.864502	-0.395113
0.758009	-0.355474
0.845055	-0.428647
0.931653	-0.527843
1.28131	-0.897558
1.22466	-0.744427
1.01527	-0.579583
1.25352	-0.436092
0.744498	-0.291356
0.793809	-0.387953
1.81835	-1.39789
1.38486	-1.14856
0.969687	-0.739911
1.14003	-0.893145
1.35627	-0.967336
1.53398	-1.24459
1.13766	-0.812348
1.01983	-0.687807
0.979696	-0.604021
1.15259	-0.730264
1.24328	-0.752925
1.16916	-0.620025
1.39583	-0.915675
1.45753	-0.976396
1.37999	-0.885999
1.45248	-1.03079
1.55896	-1.17738
1.5806	-1.18546
1.83921	-1.418
2.5573	-2.1105
2.88088	-2.89763
2.55532	-2.25834
1.75894	-1.21325
1.40046	-0.878506
1.702	-1.46337
1.73236	-1.41585
1.18807	-0.772423
1.15443	-0.740694
1.05085	-0.795677
0.35481	0.136525
-0.0608285	0.270013
0.0672045	0.113065
0.012283	0.297895
0.430599	0.473464
0.716432	0.566865
0.403438	0.496247
0.464962	0.33941
0.339444	0.317496
0.257014	0.235543
0.929547	-0.559675
0.412014	-0.143526
0.603928	-0.41793
1.24266	-0.986935
1.15619	-0.939716
0.0208101	0.200074
-0.437479	0.0103826
-0.526424	-0.481759
-0.194071	-0.389633
0.0510213	-0.435482
0.394881	-0.353209
0.4934	-0.260407
0.47848	-0.174853
0.672774	-0.131101
0.813167	-0.266581
0.700529	-0.0744954
1.43664	-1.16239
1.38865	-1.23534
1.3912	-1.22733
1.50977	-1.27858
1.75342	-1.55254
1.2662	-0.899714
1.43193	-1.14616
1.08769	-0.684341
1.33099	-0.950854
1.20891	-0.721025
1.22375	-0.891692
0.241128	0.0227561
0.451288	0.237673
0.263203	-0.0912693
1.22166	-1.06041
1.55227	-1.40085
2.01664	-2.16216
2.04448	-2.29587
1.97287	-2.2361
1.99009	-2.35162
1.62613	-1.98877
1.45403	-1.80388
1.69497	-2.13027
1.36801	-1.76263
1.33046	-1.76084
1.12699	-1.53463
1.05199	-1.42917
1.01245	-1.37874
1.12918	-1.4673
1.201	-1.37161
1.03675	-1.02138
1.20124	-1.01157
1.2304	-1.38982
0.945976	-1.0097
1.06623	-0.711893
1.07543	-0.144555
0.783564	0.237128
0.916486	-0.107629
0.861648	0.0200283
0.842673	0.160765
0.792684	-0.156673
1.035	-0.409692
1.0673	-0.26585
0.911093	0.084664
1.04956	-0.128952
1.0696	-0.275738
0.576545	-0.702265
0.704421	-0.86115
1.11218	-0.274249
1.35731	-0.641822
2.20707	-1.97118
1.89017	-1.71696
2.20528	-2.09138
1.96549	-1.57124
0.989231	-0.295888
0.768922	-0.383423
0.714729	-0.27925
0.403181	-0.267622
-0.116826	0.0836606
0.144317	0.153291
0.81618	0.810456
0.627285	0.818821
0.637351	0.654868
0.499764	0.647654
1.02228	1.0696
0.900881	0.891626
0.400377	0.274322
0.250353	-0.496346
0.0337515	-0.261056
0.187426	-0.0316458
0.521838	-0.151712
1.42277	-1.01252
2.21268	-1.99435
2.34274	-2.42203
2.02249	-1.98532
1.47749	-1.23023
1.19659	-0.795086
1.15403	-0.679405
1.08092	-0.529038
1.08463	-0.541972
1.19482	-0.754241
1.66065	-1.35586
1.55464	-1.16326
1.10126	-0.501135
0.835123	-0.363224
0.996536	-0.3963
1.03359	-0.459941
0.592482	-0.124445
0.544063	0.116945
1.52088	-0.984711
1.75465	-1.33115
2.09276	-1.42149
2.23503	-1.71863
2.2094	-1.67632
1.55875	-0.918079
1.00739	-0.252439
0.31682	-0.187265
-0.547885	-0.0751615
-0.701713	-0.22688
-0.807695	-0.173888
-0.376441	0.153591
0.025499	0.403199
0.589049	0.324191
1.39678	-0.381598
2.17669	-1.66245
1.9402	-1.67593
1.39369	-1.02607
1.22526	-0.879789
1.16197	-0.818475
1.16595	-0.816532
0.926502	-0.533192
0.802798	-0.40525
0.837526	-0.383357
0.742318	-0.343165
0.707631	-0.309085
0.614643	-0.267601
0.510196	-0.0992222
0.821994	-0.618402
0.845213	-0.678585
0.712395	-0.58853
0.770847	-0.691029
0.906105	-0.93135
0.828868	-0.879033
0.776065	-0.812398
1.04823	-1.08394
0.895254	-0.865575
1.1558	-1.14895
1.30952	-1.16449
1.36603	-0.999231
0.938908	-0.528709
1.41222	-0.857064
1.86876	-1.34067
1.9426	-1.34515
1.91009	-0.911737
1.39207	-0.297516
0.927858	-0.0860673
0.607409	-0.236608
0.562121	-0.399418
0.40829	-0.167165
0.728139	-0.0419583
0.668664	0.0107551
0.708656	0.319506
0.656698	0.584839
0.752289	0.326496
0.631454	0.314248
0.665665	-0.26007
0.682333	-0.120845
0.509927	0.362131
1.07341	-0.383889
0.441875	0.432069
0.553774	0.12335
1.06972	-0.885287
1.32172	-1.4356
0.816842	-0.891349
0.546721	-0.122687
0.666068	-0.0395008
1.03058	0.380948
0.711502	0.142882
0.681725	0.155894
0.064551	-0.465591
0.876197	-0.923852
0.766542	-0.831017
1.04947	-0.673409
2.19954	-1.70567
2.82087	-2.66663
2.74527	-2.50345
2.47688	-2.01829
1.98462	-1.37353
2.33337	-1.57822
2.34435	-1.86126
2.64262	-2.39278
2.63642	-2.41828
2.43774	-2.17807
1.85366	-1.36746
1.7055	-1.10541
1.50828	-1.11027
1.76126	-1.47584
0.935785	-0.478926
1.36981	-0.94768
1.23697	-0.812167
0.896275	-0.534023
1.3186	-1.0194
1.07986	-0.728275
0.833437	-0.513712
0.514537	-0.151928
0.921583	0.544884
0.906993	0.597702
1.30036	0.852311
1.56868	1.14592
1.6109	1.29096
1.11809	0.835051
0.87626	0.583571
0.39296	-0.173815
1.1364	-1.42548
0.994985	-0.984339
1.10313	-0.929702
0.949219	-0.498407
0.872886	-0.233937
0.995438	-0.334601
1.00972	-0.392388
1.09099	-0.675422
1.33655	-0.855989
1.03249	-0.822132
1.63212	-1.57261
0.755809	-0.835496
0.41422	-0.922021
0.167471	-0.919997
-0.0230706	-0.941608
0.191334	-0.779208
0.0361225	-0.810853
0.60841	-0.912193
1.43206	-1.11777
1.68624	-1.2767
1.65743	-1.17552
1.98792	-1.51285
2.15687	-1.65411
2.40118	-2.01572
1.88527	-1.30313
1.6254	-0.832482
1.30596	-0.652091
1.07333	-0.436118
0.644021	0.111475
1.15935	-0.126202
1.38589	-0.111468
