-0.930653	-0.0300206
-0.98491	-0.146145
-0.860529	-0.230422
-0.926005	-0.302409
-1.0039	-0.310544
-0.976888	-0.305342
-1.01686	-0.419764
-0.787459	-0.359658
-0.936244	-0.266168
-0.637376	0.0242807
-0.164554	0.357415
-0.460881	-0.0479026
-0.523638	0.055315
-0.629262	0.0657968
-0.675572	0.0566894
-0.736281	0.112006
-0.772579	0.268369
-0.633792	0.264566
-0.569096	0.136904
-0.687223	0.195327
-0.460161	0.172565
-0.144938	0.0800808
-0.100854	0.224648
0.27714	0.362106
0.301655	0.592753
0.350889	0.50375
0.400591	0.47102
0.147954	0.401098
0.150639	0.32386
-0.107458	0.29919
-0.468824	0.395045
-0.501809	0.176249
-0.217897	-0.0182209
-0.413565	0.179098
-0.177403	0.134808
-0.070655	0.0461193
-0.289161	0.00550393
-0.458635	-0.125596
-0.620965	0.0372559
-0.625157	0.0193909
-0.605135	-0.139894
-0.705144	-0.0616418
-0.620391	-0.132128
-0.679769	-0.0123923
-0.52467	-0.0267947
-0.529443	-0.0460145
-0.52418	-0.0329541
-0.558107	0.168127
-0.408987	0.244318
-0.100942	0.162803
-0.0335164	0.0613601
0.0393713	0.0640723
0.381657	-0.111871
0.383944	0.278801
0.342809	0.622676
0.331849	0.410062
-0.225013	0.150906
-0.397086	0.0404686
-0.536783	-0.13433
-0.887226	-0.0616157
-0.571776	0.115306
-0.368147	-0.00841392
-0.33156	-0.112265
-0.604592	-0.204736
-0.480426	-0.204347
-0.663138	-0.176624
-0.796393	-0.137315
-0.296035	-0.391819
-0.218068	-0.426323
0.405228	0.373871
-0.142826	0.23017
-0.0340478	-0.0637156
-0.180572	-0.0185329
-0.463201	0.149892
-0.491133	0.00390138
-0.587469	0.11539
-0.53446	0.0682803
-0.275937	-0.0849971
-0.0414009	-0.399569
-0.112206	-0.374375
-0.234644	-0.250423
-0.250912	-0.206477
-0.317947	-0.300809
-0.420033	-0.139854
-0.366825	-0.230216
-0.329458	0.0641527
-0.200793	0.461074
-0.503561	0.636095
-0.22729	0.245625
-0.0108134	-0.141538
-0.41431	-0.419503
-0.547433	-0.498429
-0.945162	0.151325
-1.1264	0.279983
-0.666101	0.387682
-0.456585	0.465633
-0.232211	0.864573
-0.160092	1.56097
-0.258498	1.58731
-0.121476	1.64266
-0.00861401	1.58251
-0.0703277	1.60739
-0.256618	1.53397
-0.352237	1.46936
-0.310137	1.45659
-0.290984	1.37834
-0.377423	1.08321
-0.306686	0.864972
-0.291158	0.606538
-0.0347028	0.371975
-0.0731292	0.189674
-0.175931	0.207806
-0.294831	0.14552
-0.338521	0.0228497
-0.574779	-0.126854
-0.635541	-0.229429
-0.678594	-0.0664891
-0.761747	-0.164304
-0.771131	-0.229258
-0.630313	-0.15355
-0.848521	-0.244812
-1.03981	-0.1612
-0.991634	-0.101854
-0.789483	-0.194942
-0.767327	-0.185786
-0.783993	-0.261547
-0.773939	-0.355363
-0.387807	-0.105069
0.0881366	0.419787
0.208479	0.565157
-0.0387096	0.433638
0.0549853	0.59756
0.212384	0.398282
0.25627	0.21625
0.216135	0.100255
0.228545	0.0209314
-0.11577	-0.0170971
-0.251946	-0.0755056
-0.613492	0.134701
-0.851031	0.381357
-0.8391	0.454363
-0.775306	0.444141
-0.899146	0.67103
-0.76058	0.729257
-0.40121	0.95003
-0.238744	1.07456
-0.0289277	1.44139
-0.286929	1.33279
-0.0447514	1.028
0.0232173	0.89182
0.00556362	0.6735
-0.252634	0.515844
-0.163599	0.375885
-0.402049	0.181197
-0.432734	-0.104414
-0.854205	-0.158209
-0.727462	-0.203772
-0.983834	-0.258849
-0.836158	-0.266249
-0.573373	-0.209873
-0.852109	-0.263464
-1.02942	-0.385719
-0.847912	-0.360647
-0.706239	-0.285476
-0.854491	-0.414648
-0.740105	-0.330164
-1.02142	-0.59594
-0.559525	-0.502469
-0.332274	-0.428901
-0.872047	0.00397118
-0.754691	-0.0851104
-0.703431	-0.410453
-0.736537	-0.316661
-0.724817	-0.235259
-0.631563	-0.298056
-0.746189	-0.16653
-0.695812	-0.120139
-0.574109	-0.20558
-0.533452	-0.293541
-0.341388	-0.245252
-0.258158	0.375288
-0.0448634	0.354649
-0.119873	0.152639
0.158232	0.500943
0.535283	0.785413
0.129058	0.572594
-0.23336	0.654277
-0.393722	0.36838
-0.5274	0.238213
-0.781189	0.329949
-0.883682	0.273072
-0.996671	0.193759
-0.921806	0.0698762
-0.801252	0.122715
-0.572025	0.386343
-0.361187	0.23411
-0.462011	0.237382
-0.442876	0.111426
-0.563507	0.22651
-0.499608	0.158185
-0.393668	0.187714
-0.380792	0.437984
-0.283422	0.747694
0.00409923	1.02289
-0.222586	0.93056
-0.482314	1.0205
-0.727603	0.986954
-0.749999	0.73233
-0.839638	0.681376
-0.818682	0.391519
-0.884703	0.267505
-0.841839	0.155891
-0.893928	0.132919
-0.898123	0.175846
-0.835992	0.233046
-0.675332	0.146533
-0.671358	0.267896
-0.706685	0.388137
-0.666878	0.379288
-0.599455	0.336677
-0.679935	0.290901
-0.785134	0.361861
-0.880384	0.290105
-0.896651	0.167436
-0.753246	-0.0235003
-0.606263	-0.128522
-0.474206	-0.0628463
-0.163957	-0.0387677
-0.0522256	0.0446414
0.0702202	0.197686
0.0395552	0.365358
0.0586915	0.404075
-0.0623639	0.661128
-0.11926	0.450158
-0.0599584	0.326678
-0.221439	-0.0148418
-0.51913	-0.0123357
-0.661373	-0.416271
-0.647574	-0.258231
-1.47686	0.458271
-0.801555	0.338796
0.125832	0.378412
0.0491554	0.474148
0.00764005	0.585275
0.112228	0.544643
0.0384552	0.385519
-0.0741634	0.296371
-0.00741593	0.298119
0.0318403	0.240066
-0.624843	0.0685254
-0.638134	0.075179
-0.501913	-0.186012
-0.60477	-0.167891
-0.60241	-0.0294046
-0.343717	-0.148085
-0.244586	-0.306946
-0.286126	-0.222938
-0.570595	0.1535
-0.613387	0.307589
-0.461743	0.230085
-0.0138478	0.11809
-0.157042	0.418967
0.197101	0.333977
0.328567	0.0689289
0.268452	0.164527
0.0561227	0.02454
-0.125458	-0.28902
-0.428286	-0.113345
-0.426954	0.10801
-0.622074	0.247934
-0.604504	0.0487651
-0.538414	-0.352828
-0.48756	-0.250014
-0.518392	-0.167934
-0.669245	-0.38635
-0.514341	-0.1567
-0.573977	-0.432468
-0.329044	0.463975
-0.31441	0.328518
-0.608991	0.352975
-0.657045	0.000355028
-0.57581	0.0636976
-0.74852	0.291024
-0.938327	0.367665
-0.983811	0.337206
-0.880997	0.185319
-1.03249	0.207159
-0.801698	-0.041515
-0.895748	0.020078
-1.02032	0.115444
-0.992007	0.132596
-0.849618	0.0636866
-0.785693	0.0481518
-0.588358	-0.0153138
-0.37152	-0.211187
-0.160284	-0.170349
0.254745	-0.30507
0.468366	-0.196553
0.580717	-0.12522
0.549449	0.131078
0.408444	-0.0263606
0.193025	0.260547
0.138276	0.100846
-0.142033	-0.0623187
-0.211559	-0.0880623
-0.400962	-0.141938
-0.694471	-0.121638
-0.677505	-0.304676
-0.701399	-0.289277
-0.619796	-0.410064
-0.617212	-0.312527
-0.729603	-0.202973
-0.786717	-0.321441
-0.733764	-0.361949
-0.728516	-0.25504
-0.514588	-0.380664
-0.583023	-0.271355
-0.690921	-0.245976
-0.576535	-0.40912
-0.645628	-0.470864
-0.590815	-0.565859
-0.871543	-0.317478
-0.739751	-0.701042
-0.451462	-0.565744
-0.626224	-0.463724
-0.652198	-0.25911
-0.669719	-0.424246
-0.752346	-0.508208
-0.613234	-0.369325
-0.455427	-0.561737
-0.596393	-0.329279
-0.386326	-0.318305
-0.81136	-0.395055
-0.89212	-0.539615
-0.780345	-0.367156
-0.721135	-0.446896
-0.769086	-0.422709
-0.870949	-0.556095
-0.87963	-0.484808
-0.635424	-0.483729
-0.642064	-0.640282
-0.641684	-0.416773
-0.802956	-0.289747
-0.535627	-0.446197
-0.533814	-0.202001
-0.662564	-0.0772275
0.248864	0.603487
0.235061	0.464749
0.594136	0.353999
0.667364	0.680427
0.431932	0.669326
-0.0436891	0.224986
-0.794918	0.417476
-1.0845	0.242204
-1.06697	0.0430812
-1.12285	-0.0952637
-1.06781	-0.128299
-0.831907	-0.0401182
-0.395762	0.653759
-0.339447	0.613808
-0.164716	0.734716
0.0745593	0.737312
0.128174	0.373722
0.0664001	-0.00901255
0.237259	-0.0861777
0.207146	0.148056
0.473746	0.0806425
0.546181	0.128415
0.429274	0.0929824
0.389398	-0.0319675
0.129218	-0.058511
-0.406789	0.142694
-0.86443	0.171854
-0.735852	0.00898677
-0.695891	0.0385206
-0.705102	0.119376
-0.538394	0.178625
-0.244885	0.199595
-0.161991	0.311588
-0.275563	0.237851
-0.241914	0.171756
-0.41892	0.257298
-0.378491	0.222834
-0.390546	0.147942
-0.83719	0.300935
-0.764625	0.296584
-0.587227	-0.0471585
-0.334342	0.131077
-0.397604	0.191658
-0.348049	0.0704461
-0.142886	0.0174881
-0.0449592	-0.00311823
0.0615646	0.17368
0.254275	0.169274
0.0530173	0.273077
-0.356985	0.519381
-0.539042	0.5914
-0.641309	0.639255
-0.865147	0.913592
-0.603237	1.08176
-0.511375	0.514477
-0.469316	0.191297
-0.389306	-0.109077
-0.55054	0.0267601
-0.387626	0.0316402
-0.3782	0.220316
-0.451763	0.508854
-0.502959	0.750467
-0.46945	0.849522
-0.490332	0.967027
-0.668083	0.990951
-0.859555	1.00983
-0.892895	0.823718
-0.852825	0.342679
-0.827791	0.173754
-0.70123	-0.0622381
-0.742281	-0.00268163
-0.77472	0.0605069
-0.707691	0.118919
-0.741919	0.0710908
-0.65639	0.152691
-0.915744	0.43214
-0.883326	0.464687
-0.846399	0.450124
-0.792716	0.413931
-0.755359	0.291655
-0.82388	0.294353
-0.754341	0.19961
-0.710736	0.115395
-0.581261	-0.0816709
-0.788716	0.0643445
-1.07949	0.481327
-1.07043	0.418682
-1.04927	0.456012
-0.779191	0.109076
-0.388031	0.0211641
-0.123206	0.270333
-0.157607	0.464771
-0.205207	0.568139
-0.232609	0.476675
0.0132392	0.322964
-0.0216566	0.256575
-0.228653	0.307341
-0.430407	-0.0636106
-0.545443	-0.0840776
-0.456476	-0.163486
-0.503316	-0.104739
-0.619522	-0.0441129
-0.676128	-0.0448556
-0.645221	-0.264697
-0.690379	-0.280115
-0.695139	-0.194403
-0.553967	-0.378167
-0.537839	-0.316206
-0.637734	-0.0227782
-0.0563522	0.37902
-0.0506628	0.68455
-0.056038	0.513655
-0.461051	0.0949086
-0.731976	0.0867876
-0.784834	-0.0383545
-0.519041	-0.185683
-0.44953	0.0903176
-0.668891	0.356486
-0.0893722	0.0965671
0.0936514	0.264168
0.029214	0.111906
0.0670153	-0.0559875
-0.0783006	-0.115041
-0.225796	-0.364051
-0.491925	-0.416471
-0.150429	-0.287681
-0.540639	-0.234857
-0.375988	0.141834
-0.242435	0.537288
-0.217702	0.612826
-0.233395	0.630564
-0.486095	0.569323
-0.471815	0.621479
-0.659193	0.653275
-0.653965	0.461021
-0.680403	0.734069
-1.36423	0.338561
-1.20586	0.254398
-0.609772	0.011174
-0.44348	-0.0930075
-0.640895	-0.0730959
-0.656765	-0.133797
-0.283701	0.163862
-0.404198	0.378854
-0.155704	0.818451
-0.293239	1.23243
-0.489304	1.11444
-0.697746	1.23311
-0.363244	0.943486
-0.0728446	0.945892
-0.255744	1.1018
-0.281054	0.656585
-0.319065	0.508089
-0.235225	0.461064
-0.323997	0.428238
-0.323592	0.296279
-0.0849651	0.358225
-0.398436	0.32146
-0.552664	0.184054
-0.459953	0.466628
-0.576548	0.508995
-0.646581	0.321022
-0.697623	0.349945
-0.831853	0.42905
-0.450207	0.377225
-0.224704	0.745477
-0.207508	0.827085
-0.132314	0.698808
-0.0896301	0.703067
-0.0102581	0.48217
0.026372	0.330902
0.118298	0.344702
0.14493	0.373398
0.37318	0.124526
0.315459	0.0679126
0.209543	0.127154
-0.0883159	0.335391
-0.254108	0.326314
-0.338124	0.289692
-0.268048	0.277248
-0.337157	0.405991
-0.401034	0.340412
-0.248335	0.40062
-0.310101	0.550261
-0.313638	0.346991
-0.229575	0.181752
-0.0733633	0.131715
-0.0444673	0.0655513
-0.179055	0.000360465
-0.440026	-0.191148
-0.357574	-0.202082
-0.678875	-0.333247
-0.729597	-0.244999
-0.719346	-0.320288
-0.657163	-0.309908
-0.879923	-0.164244
-0.759765	-0.279778
-0.70112	-0.380773
-0.626819	-0.368978
-0.747999	-0.448866
-1.01569	-0.418217
-1.07627	-0.361786
-1.17638	-0.421034
-0.960002	-0.428535
-0.858275	-0.329826
-1.08768	-0.292819
-0.868586	-0.388773
-0.64486	-0.235862
-0.40691	0.264152
-0.431474	0.125207
-0.504709	0.109417
-0.776942	0.312646
-0.743905	0.380316
-0.649302	0.431108
-0.658714	0.477228
-0.682588	0.521385
-0.513359	0.414752
-0.652816	0.694997
-0.565319	0.844854
-0.496406	1.05888
-0.627241	1.15993
-0.58299	1.10218
-0.670192	0.999466
-0.81002	0.924126
-0.775981	0.720883
-0.949795	0.616233
-1.05051	0.542703
-1.12907	0.502965
-0.941487	0.161504
-1.11832	0.242843
-1.02567	0.329175
-0.821995	0.214548
-0.161176	-0.0397667
-0.642097	0.0459584
-0.91683	0.202889
-0.970632	0.30023
-0.894159	0.227777
-0.568111	0.0323738
-0.325983	-0.109657
0.0328922	0.0930935
0.318445	0.472931
0.36081	0.488153
0.148577	0.68986
-0.168645	0.880112
-0.320254	1.02618
-0.357564	0.841104
-0.412341	0.589457
-0.451118	0.428221
-0.336363	0.482646
-0.127324	0.356321
-0.127564	0.0648157
-0.424246	0.166067
-0.373711	0.112451
-0.548461	0.0301445
-0.548144	-0.0749174
-0.722843	0.101523
-0.658605	0.0214541
-0.753313	0.067173
-0.851535	0.274369
-0.861209	0.231134
-0.911446	0.286728
-0.921037	0.333483
-0.883804	0.285331
-0.825785	0.108583
-0.483472	-0.106539
-0.36693	0.431646
-0.186421	0.18456
0.166517	0.0896922
-0.0199526	0.262218
0.00309755	0.303763
-0.0880876	0.260067
-0.199474	0.193591
-0.00162075	0.0430555
-0.308673	0.203909
0.0894254	0.0493077
-0.0622758	-0.0234969
-0.500102	0.305423
-0.796241	0.0428022
-0.878411	0.146821
-0.515608	-0.13001
-0.478271	-0.198288
-0.609055	-0.315256
-0.579098	-0.0715199
-0.592256	-0.0983929
-0.639999	-0.323975
-0.536266	-0.396897
-0.433666	-0.308895
-0.590528	-0.366452
-0.790173	-0.455293
-0.701984	-0.0449703
-0.685707	-0.529042
-0.476029	-0.269432
-0.302798	0.118403
-0.854861	-0.326582
-0.895045	-0.402546
-0.785146	-0.492681
-0.715618	-0.314862
-0.663389	-0.250712
-0.620192	-0.521963
-0.512206	-0.402349
-0.388773	-0.358376
0.237673	-0.0502449
0.0210196	0.305065
-0.220696	0.354218
-0.261663	0.356271
-0.200958	0.341612
-0.209871	0.269516
-0.157576	0.240284
-0.129072	0.216807
-0.0127293	0.134975
0.294556	-0.00522178
0.162813	0.264226
0.071138	0.0907395
0.0260608	0.0898332
0.00287952	0.198625
-0.247238	0.015325
-0.539049	0.101645
-0.284515	0.558793
-0.478888	0.674562
-0.765984	0.855445
-0.699644	0.813247
-0.691874	0.734737
-0.721815	0.606782
-0.659393	0.391786
-0.678806	0.152802
-0.644283	-0.0342605
-0.784754	0.0901322
-0.784841	0.130317
-0.667475	0.107196
-0.42612	-0.0834171
-0.334722	-0.124871
-0.444646	-0.0695756
-0.455199	-0.00493733
-0.262504	0.0440511
0.0113033	0.242643
-0.325231	0.393411
-0.434144	0.185907
-0.847716	0.209802
-0.975406	0.153956
-0.432861	0.629676
-0.821259	0.787605
-0.928078	0.819058
-0.987986	0.862471
-0.940853	0.79442
-0.935478	0.697122
-0.881955	0.623537
-0.615581	0.525813
-0.157157	0.450888
-0.377037	0.551149
-0.312353	0.518083
-0.407998	0.385243
-0.669823	0.015281
-0.536202	-0.259284
-0.14734	0.161307
-0.438456	0.570864
-0.392832	0.495629
-0.24947	0.411436
-0.377671	0.499615
-0.452595	0.286058
-0.37783	0.0194644
-0.230685	-0.311955
-0.345596	-0.322844
-0.511841	-0.125327
-0.570567	0.122948
-0.721915	0.389352
-0.61875	0.291605
-0.524466	0.101758
-0.541925	-0.0804573
-0.477983	-0.275182
-0.443041	-0.422869
-0.504692	-0.490606
-0.706498	-0.402091
-0.736275	-0.124217
-0.801577	0.14678
-0.809962	0.271407
-0.668663	0.193229
-0.605428	0.325439
-0.619067	0.294087
-0.61381	0.25615
-0.684329	0.376357
-0.738146	0.410066
-0.580661	0.277659
-0.784117	0.020714
-0.906321	-0.0511085
-0.793675	0.110993
-0.855941	0.577932
-0.510019	0.517465
-0.0662841	0.271114
0.000210692	0.152865
-0.0898085	0.171335
0.0213493	0.348631
0.0758074	0.573743
-0.330424	0.701166
-0.509785	0.65414
-0.656333	0.596407
-0.586092	0.358719
-0.617285	0.332082
-0.615257	0.276514
-0.925428	0.480439
-0.736553	0.34384
-0.528145	0.35015
-0.643669	0.852244
-0.673354	0.730796
-0.522327	0.767691
-0.549328	0.437668
-0.712562	0.268769
-0.579956	0.1024
-0.701424	0.138511
-0.519371	-0.0470523
-0.724596	0.0836418
-0.70556	0.097965
-0.786288	0.0587959
-0.794007	0.0861208
-0.87441	0.158916
-0.805666	0.0677799
-0.906737	0.159577
-0.860096	0.102413
-0.732219	0.229274
-0.737058	0.231508
-0.776264	0.278173
-0.680605	0.13728
-0.720943	0.140457
-0.874665	0.268825
-0.803601	0.149512
-0.75683	0.206704
-0.802967	0.237278
-0.710931	0.357039
-0.41124	0.346491
0.051914	0.355341
-0.214582	0.239773
-0.190209	0.0813221
-0.266457	0.0213243
-0.578925	0.0180031
-0.612799	-0.021157
-0.765881	-0.181536
-0.304937	0.13485
-0.0368185	0.256741
-0.112237	0.419217
-0.202688	0.167499
-0.243694	0.0932657
-0.210164	-0.0766379
-0.293382	-0.00972107
-0.426201	0.0752384
-0.477495	0.198741
-0.367815	0.0197608
-0.495142	0.361906
-0.390667	0.572899
-0.550789	0.960843
-0.347396	0.449042
-0.25709	0.426272
0.103609	0.220187
0.255016	0.208095
-0.0868718	0.0642848
-0.407187	0.105276
-0.61119	0.0163302
-0.486204	-0.0115949
-0.440675	-0.0529259
-0.392419	-0.0904505
-0.416066	-0.00717562
-0.519905	0.00617455
-0.460519	-0.0552985
-0.249669	-0.0474292
0.031193	-0.143624
0.092438	-0.21055
0.0318506	-0.0449687
-0.0380186	0.0895535
0.0508022	-0.000797457
-0.0373386	0.0694111
-0.186704	0.0948187
-0.127877	0.0768582
-0.315652	0.12612
-0.313412	0.105555
-0.48523	0.00330617
-0.588509	0.0516758
-0.63894	-0.0169837
-0.726849	0.0947309
-0.790232	0.0795719
-0.724379	0.0642444
-0.63176	-0.0306138
-0.6323	-0.0525772
-0.617806	-0.133422
-0.681252	-0.252137
-0.722003	-0.332325
-0.568183	-0.158123
-0.157181	-0.0647151
-0.280871	0.492244
-0.258889	0.651281
-0.573548	0.589517
-0.296351	0.457234
-0.00115593	0.319359
0.0297664	0.275141
0.0404165	0.337141
0.0335936	0.241153
-0.0676333	0.294117
0.0723782	-0.0364327
-0.169157	-0.0544039
-0.555312	-0.12711
-0.687643	0.0444293
-0.592969	-0.0347579
-0.429975	-0.415022
-0.616013	-0.192305
-0.85047	-0.398312
-1.04537	-0.661228
-0.826374	-0.415033
-0.964056	-0.0421272
-0.985968	-0.12357
-1.00121	-0.0626541
-0.794002	0.0384064
-0.950538	0.0766685
-0.819491	-0.0442311
-0.585389	-0.400376
-0.655419	-0.280894
-1.04149	-0.148666
-0.626456	0.251289
-0.264223	1.27534
-0.617844	0.958285
-0.856192	0.824472
-1.06011	0.788789
-0.860688	0.547898
-0.165083	0.371881
0.00140561	0.372656
0.143391	0.393742
-0.0922539	0.572498
0.00171546	0.547309
0.128634	0.335096
0.310495	0.147522
0.28847	0.201012
0.259486	0.165277
0.166942	0.240041
0.0680228	0.0243065
-0.412694	0.108034
-0.339761	0.00809785
-0.615002	-0.256065
-0.140925	-0.290108
-0.355258	-0.176435
-0.45847	-0.0458465
-0.310502	0.191134
-0.342349	0.241278
-0.446484	0.590372
-0.673731	0.615366
-0.427945	0.693113
-0.032568	0.91301
0.231718	0.550893
0.140161	0.783928
0.257719	0.80426
0.155871	0.843361
-0.0121022	0.269683
-0.49229	0.422978
-0.708249	0.488384
-0.916292	0.404147
-1.00678	0.465387
-0.927384	0.262707
-1.02156	0.214882
-1.00183	0.0709526
-1.08856	0.206054
-0.977468	0.0731324
-0.954406	-0.02875
-0.98721	0.041671
-0.935715	-0.0486427
-0.223383	-0.188413
-0.0547307	0.0961132
-0.328189	0.445298
-0.443771	0.221867
0.24719	0.173714
0.214022	0.287076
-0.00579574	0.546332
-0.207242	0.41889
-0.301987	0.420376
-0.313548	0.253636
-0.487564	0.519413
-0.794853	0.591496
-0.757075	0.383562
-0.580513	0.518618
-0.474106	0.483317
-0.878918	0.290665
-0.714803	0.139478
-0.759797	-0.123513
-0.745128	-0.225725
-0.844677	-0.290456
-0.747872	-0.149578
-0.917292	-0.120137
-0.950964	-0.0560091
-0.846391	-0.201581
-0.737123	-0.190562
-0.84703	-0.515818
-1.00496	-0.448384
-0.889834	-0.444266
-1.02529	-0.284949
-0.717462	-0.365669
-0.896501	-0.49509
-0.878497	-0.596864
-0.902329	-0.447555
-0.829762	-0.324565
-1.00043	-0.444864
-1.00408	-0.426316
-0.814822	-0.408878
-0.940743	-0.305438
-0.0199719	0.123522
0.378969	0.366367
0.353444	0.373171
0.162696	0.349837
-0.00374361	0.391126
-0.157084	0.42723
-0.333111	0.24181
-0.574275	0.322002
-0.647966	0.308766
-0.652762	0.260842
-0.594964	0.246383
-0.614394	0.267471
-0.510575	0.282263
-0.418292	0.270755
-0.117848	0.253452
-0.766857	0.493199
-0.950082	0.743596
-0.476102	0.528284
-0.441899	0.738783
-0.305389	0.606515
-0.316347	0.53409
-0.168315	0.27508
-0.475048	0.189777
-0.50985	0.0313775
-0.556114	-0.0695913
-0.624984	-0.23363
-0.803204	0.0130962
-0.682736	0.176057
-0.736192	0.0932469
-0.602188	-0.043642
-0.486046	-0.0521492
-0.173091	0.12528
-0.563093	0.0432565
-0.890739	0.187765
-0.849517	0.160143
-0.92461	0.242599
-0.88237	0.28692
-0.608378	0.207464
-0.364675	0.165061
-0.0148151	0.08577
-0.193117	0.224862
-0.453776	0.186146
-0.317178	0.1682
-0.159215	0.249144
-0.13259	0.362741
-0.0534534	0.392979
-0.0768528	0.417989
0.15831	0.443739
0.0657032	0.188604
0.219204	0.475725
0.240268	0.483606
0.121339	0.334768
0.113531	0.405139
0.044168	0.368557
0.249032	0.10365
-0.15582	0.110113
-0.262789	-0.0534723
-0.275509	-0.187548
-0.62449	0.10159
-0.691917	0.0866347
-0.839888	0.108595
-0.957685	0.28517
-0.957512	0.407267
-0.988734	0.671674
-0.985336	0.730811
-0.897596	0.654991
-0.914184	0.573995
-0.480522	0.273449
-0.311272	0.364961
-0.507009	0.329266
-0.609678	0.322537
-0.646687	0.11295
-0.780841	-0.0855337
-0.798074	-0.181956
-0.682377	-0.0438571
-0.4202	0.155576
-0.622562	0.141816
-0.758392	0.00400211
-0.766739	-0.153177
-0.491368	-0.325246
-0.464528	-0.282674
-0.339391	-0.218722
-0.220626	-0.311271
-0.185457	-0.385891
-0.181244	-0.304742
-0.307853	0.301817
-0.37196	0.315015
-0.345539	0.323358
-0.284146	0.333666
-0.193942	0.393103
-0.16953	0.415298
-0.157499	0.44552
-0.0796169	0.596361
-0.208869	0.771685
-0.251338	0.524805
-0.154211	0.117582
0.269371	0.0454621
-0.0679276	0.257018
0.0333865	0.147985
-0.0978419	0.254845
-0.227954	0.262486
-0.636135	0.28001
-0.402378	0.609902
-0.167072	0.530684
-0.347439	0.471819
-0.435225	0.389512
-0.495638	0.373083
-0.328416	0.125128
-0.420526	0.313472
-0.202334	0.366275
-0.241829	0.370221
-0.442313	0.0708607
-0.290635	-0.151049
-0.200502	-0.321831
-0.208538	-0.144417
0.0768054	-0.48972
0.192181	-0.401013
-0.641255	-0.347571
-0.837544	-0.445186
-0.730095	-0.256265
-0.889722	-0.291214
-0.959612	-0.307435
-0.843439	-0.43624
-0.969881	-0.366795
-0.973107	-0.253238
-0.937924	-0.335245
-1.01351	-0.41353
-0.626648	0.159065
-0.452163	0.126342
0.2651	0.351176
-0.385627	0.528785
-0.268079	0.322256
-0.324659	0.242253
-0.560529	0.336298
-0.584789	0.361476
-0.307033	0.286951
-0.109398	0.260379
-0.426963	0.103853
-0.667433	-0.0716387
-0.667828	0.235232
-1.24122	0.374054
-0.891441	0.475946
-0.680931	0.347616
-0.203225	0.176904
-0.143807	-0.0466121
0.00272633	-0.160547
-0.203423	0.0519667
0.146938	0.0368447
-0.454655	0.174219
-0.417449	-0.0479372
-0.489211	0.110425
-0.541128	0.146846
-0.632351	0.162602
-0.511493	0.0266505
-0.47446	0.0559372
-0.498333	0.172146
-0.407038	0.15181
-0.31393	0.106622
-0.268964	0.0924824
-0.13391	0.131001
0.0266207	0.217636
0.120406	0.434332
0.147401	0.375923
0.082514	0.489505
-0.0667478	0.644822
-0.0731965	0.785357
0.0279105	0.827815
0.244731	0.843934
0.457898	0.663585
0.65471	0.385845
0.282461	0.343737
-0.0625696	0.399508
-0.0803397	0.354425
-0.087675	0.18606
0.0674322	0.322791
0.345978	0.644391
-0.11623	0.103428
-0.537657	0.194654
-0.768262	0.221697
-0.890992	0.242195
-0.883371	0.151785
-0.956051	0.184046
-0.855073	0.0671871
-0.883206	0.107305
-0.751473	0.134841
-0.617278	-0.0523898
-0.535829	-0.11155
-0.663063	-0.0127486
-0.459863	-0.18026
-0.700074	0.0170849
-0.56165	-0.133492
-0.790321	-0.00177276
-0.904939	0.0156123
-0.893098	0.00500365
-0.927619	0.0239407
-0.95957	0.0599674
-0.790071	-0.0400324
-0.882473	0.00766982
-0.905917	-0.0126116
-0.85994	0.11062
-0.736355	0.230354
-0.573294	0.127463
-0.554242	0.083023
-0.634426	0.139064
-0.57603	0.18686
-0.041252	0.536445
0.00973553	0.938696
-0.277038	1.01286
-0.109673	1.1083
-0.283572	0.804486
-0.566441	0.560017
-0.399066	0.527736
-0.230277	0.508538
-0.105974	0.215934
-0.183491	0.181467
-0.213602	0.134975
-0.265203	0.0400692
-0.601881	0.196379
-0.870116	0.509993
-0.596523	0.567161
-0.285773	0.441426
-0.291607	0.385036
-0.457449	0.211315
-0.277019	0.141944
-0.252551	0.274812
-0.0978781	0.404931
-0.0208564	0.47646
0.16986	0.432268
0.160563	0.239488
0.169588	0.0825423
-0.037437	0.114287
-0.222438	0.138107
-0.351206	0.0492445
-0.681827	0.246429
-0.752654	0.38354
-0.813696	0.359522
-0.76083	0.188135
-0.613786	-0.0720673
-0.6877	-0.010659
-0.49832	-0.188618
-0.372911	-0.0487757
-0.268059	0.226949
-0.328596	0.593274
-0.549199	0.771819
-0.617058	0.624308
-0.839141	0.552298
-0.807591	0.261316
-0.678513	0.170413
-0.503239	0.0473976
-0.299394	-0.108571
-0.286534	-0.00287455
-0.359586	0.0438453
-0.386044	0.0729417
-0.373668	0.00756049
0.011262	-0.167583
0.0663011	0.250504
-0.481798	0.719424
-0.752962	0.316603
-0.557549	0.511814
-0.842939	0.556795
-0.765662	0.388802
-0.707147	0.350781
-0.795647	0.625299
-1.05078	0.543692
-0.871885	0.351414
-0.856236	0.30248
-1.10198	0.433567
-1.00318	0.739607
-0.840864	0.356061
-0.912325	0.561518
-1.09248	0.489216
-1.32165	0.429922
-0.934604	0.374857
-1.13699	0.368838
-1.18257	0.0860207
-1.06576	-0.014862
-0.876284	-0.0386259
-1.01306	0.0565666
-0.852585	-0.24364
-0.91591	-0.180062
-0.784477	-0.0731089
-0.966461	-0.115411
-0.938561	-0.344249
-0.778617	-0.271939
-0.845522	-0.468706
-0.834283	-0.412254
-0.817908	-0.312561
-0.758839	-0.544876
-0.754924	-0.33745
-0.90778	-0.35882
-0.891867	-0.398252
-0.853114	-0.23732
-1.00437	-0.47131
-0.801615	-0.449934
-0.802833	-0.388345
-0.679901	-0.189575
-0.268521	0.37936
-0.0426848	0.310118
-0.531186	0.168486
-0.66489	0.0995116
-0.610221	0.0447863
-0.580952	0.0422527
-0.269994	0.0929231
0.0554755	0.698249
-0.353077	0.927779
-0.0839941	0.386663
0.0883964	0.23029
-0.109101	0.0221697
-0.289665	0.172677
-0.174957	0.0337896
-0.128076	-0.140819
-0.211567	0.0928617
-0.461006	0.11132
-0.533048	0.199491
-0.683616	0.201803
-0.346385	0.482692
-0.129556	0.857984
-0.109827	0.501402
-0.464483	0.418721
-0.55771	0.290247
-0.45205	0.260108
-0.455907	0.282448
-0.50452	0.332205
-0.495279	0.394
-0.379198	0.245831
-0.328232	0.225287
-0.386697	0.214972
-0.390507	0.148527
-0.592001	0.201995
-0.691183	0.303301
-0.730878	0.228786
-0.752077	0.402406
-0.607222	0.488215
-0.2433	0.686084
0.100537	0.822944
0.202735	0.932681
0.123361	0.9211
0.106292	0.961736
0.0217042	1.12183
0.0538177	1.0712
0.0463802	0.666583
-0.36222	0.585137
-0.662461	0.485336
-0.742452	0.360423
-0.807839	0.258345
-0.827098	0.161435
-0.823681	0.110219
-0.55934	0.019957
-0.201629	0.200001
-0.251583	0.306158
-0.300878	0.216827
-0.381241	0.136651
-0.411189	0.126422
-0.425373	0.272134
-0.342352	-0.204425
-0.197264	-0.129571
-0.632079	0.0531484
-0.460104	-0.0592435
-0.00991561	0.123691
-0.557977	0.676028
-0.282162	0.271672
0.0674393	0.265934
0.104443	0.317531
-0.0649924	-0.0801929
-0.0468879	-0.0219198
0.188175	0.0737269
-0.00776378	0.212911
-0.20173	0.600083
-0.0781801	0.534376
-0.173561	0.116754
-0.352806	-0.149976
-0.45211	-0.115294
-0.439072	-0.0543063
-0.204476	-0.0490144
0.222569	0.140929
0.0609133	0.0506269
0.118126	-0.0204388
-0.0547989	0.174791
-0.70147	0.0352979
-0.667249	-0.0600105
0.0604383	0.324998
0.128655	0.312442
0.115691	0.178886
-0.144541	0.137357
-0.355326	0.0684548
-0.44445	0.329199
-0.584323	0.351977
-0.676261	0.36357
-0.719993	0.28029
-0.672092	0.236169
-0.876479	0.230974
-0.662534	-0.153833
-0.650038	-0.172664
-0.826312	-0.105766
-0.878116	-0.121057
-0.698828	-0.196689
-0.689618	0.0938119
-0.557356	0.183145
-0.487986	0.113603
-0.411067	0.0598946
-0.302341	-0.0813652
-0.21503	-0.214019
-0.188299	-0.0719098
-0.205241	0.412785
-0.0478643	0.250781
0.0268617	0.29394
0.0923191	0.50525
0.0232753	0.742982
-0.262846	0.743333
-0.200963	0.0961995
-0.220487	-0.162321
-0.2461	-0.144651
-0.295114	0.00480526
-0.356998	0.0253814
-0.345412	0.0874272
-0.419147	0.384716
-0.245966	1.03561
-0.103346	1.00349
0.0715031	1.0142
0.235567	1.02315
0.227593	1.00569
0.290257	1.09938
0.146202	1.11054
0.0918678	1.22629
0.0256498	0.839863
-0.197983	0.474889
-0.257418	0.23368
-0.418585	0.0291446
-0.489378	-0.115589
-0.55494	-0.0817561
-0.677991	-0.198853
-0.493202	-0.403609
-0.632476	-0.238473
-0.601446	-0.151562
-0.451707	-0.035117
-0.719367	-0.0298247
-0.603824	-0.18665
-0.608934	-0.297436
-0.482386	-0.326851
-0.426104	-0.25703
-0.162795	-0.275883
-0.344242	-0.259391
-0.84411	-0.300611
-0.821983	-0.336138
0.0796725	0.199512
0.599625	0.204549
0.259874	0.244431
0.059715	0.291008
-0.203554	0.360922
-0.404933	0.382717
-0.451927	0.484948
-0.323782	0.324361
-0.311312	0.333519
0.00456589	0.37259
0.0997509	0.459386
0.0360093	0.333067
0.139399	0.229485
0.00427309	0.281401
-0.650038	0.569007
-0.287654	0.146191
-0.174294	-0.0427563
-0.112583	-0.337149
-0.045391	-0.37996
0.062167	-0.273837
-0.002193	-0.273844
0.205966	-0.187298
0.0327077	0.0300605
-0.187174	-0.374992
-0.307197	-0.0892182
-0.402107	0.306086
-0.350286	0.230828
-0.30654	0.442372
-0.918059	0.270626
-1.13196	0.352054
-1.06898	0.405854
-1.01002	0.381158
-0.895705	0.291493
-0.892252	0.268731
-0.888551	0.246116
-0.848111	0.162847
-0.514909	0.317553
-0.529093	0.3233
-0.554331	0.196685
-0.748822	0.120181
-0.879881	0.219278
-0.770634	-0.0514384
-0.898351	-0.348051
-0.887283	-0.157047
-0.789023	-0.0323716
-0.963738	-0.179681
-1.1048	-0.198035
-1.27404	-0.0708422
-0.790685	0.422523
-0.116923	0.613775
-0.619169	0.923597
-0.758325	0.994134
-0.552772	1.02218
-0.354311	1.24525
-0.29865	0.864328
-0.466618	0.522651
-0.381275	0.0880324
-0.26038	-0.154541
-0.386301	0.138482
-0.475131	0.268698
-0.163646	0.527154
0.136538	-0.047313
0.0041066	-0.320782
-0.332744	-0.398117
-0.523857	0.0134873
-0.224604	0.180207
-0.153175	-0.022866
-0.42148	0.0384127
-0.762138	0.231897
-0.658473	0.279795
-0.473828	0.407466
-0.391165	0.492059
-0.225372	0.525147
-0.0998775	0.606538
-0.0214985	0.614072
0.0347427	0.651686
0.173372	0.601056
0.117841	0.612514
-0.108076	0.566834
-0.182018	0.377487
-0.295636	0.193564
-0.53119	0.0789924
-0.738392	0.131707
-0.601123	-0.0706973
-0.488601	-0.0515126
-0.30006	0.0506119
0.220878	0.229079
0.0990597	0.646641
-0.0167798	0.924017
-0.243375	0.918618
-0.494792	0.620306
-0.46959	0.602673
-0.325757	0.698503
-0.418719	0.695606
-0.718305	0.802466
-0.732282	0.875471
-0.703206	0.913149
-0.815994	0.921191
-0.824675	0.817406
-0.893055	0.79548
-0.922262	0.701254
-0.934376	0.591482
-0.942207	0.476411
-0.889755	0.413837
-0.930807	0.451687
-0.755732	0.420558
-0.0706326	0.0918737
0.221499	0.224032
0.35846	0.339382
0.434814	0.329754
0.384929	0.519081
0.353201	0.44302
0.172195	0.13116
-0.142016	0.349695
-0.381491	0.318774
-0.305446	0.399891
-0.132441	0.289429
-0.35005	0.164619
-0.546099	0.16684
-0.623106	0.0813129
-0.638729	0.0130495
-0.634636	0.017279
-0.759546	0.184072
-0.728327	0.294116
-0.810866	0.48526
-0.646881	0.433425
-0.763774	0.366099
-1.07911	0.449708
-1.1774	0.530928
-1.09456	0.649853
-1.04197	0.821753
-0.909489	0.916638
-0.931918	1.1273
-0.832986	1.15595
-0.948423	1.04096
-1.07303	0.875362
-1.07793	0.656086
-1.1035	0.569689
-1.00532	0.443999
-0.957269	0.383596
-0.843491	0.416561
-0.724318	0.426331
-0.680799	0.412691
-0.71114	0.409313
-0.644468	0.373013
-0.731361	0.392776
-0.382026	0.272542
-0.616797	0.48555
-0.4459	0.759443
-0.465664	0.817477
-0.502619	0.970006
-0.257788	1.16723
-0.411272	1.10098
-0.495972	1.22754
-0.62374	1.29287
-0.864385	1.1493
-0.921837	0.672671
-0.486413	0.493697
-0.18676	0.196991
-0.315118	0.33659
-0.333587	0.437046
-0.429012	0.246799
-0.640483	0.154682
-0.717879	0.0852499
-0.879553	0.172462
-0.83382	0.102203
-0.391652	0.231674
-0.355486	0.717765
-0.380262	0.603845
-0.352888	0.565991
-0.00389486	0.502958
-0.293279	0.328478
-0.457691	0.0535001
-0.319031	0.0537195
-0.30142	-0.0383676
-0.422075	0.0509116
-0.600967	0.0722215
-0.463004	-0.1686
-0.686544	0.186073
-0.800596	0.349225
-0.654513	0.205668
-0.406785	0.217286
-0.161806	0.861314
-0.0784182	0.805844
-0.135826	0.703695
-0.297328	0.722686
-0.437634	0.517041
-0.556331	0.451885
-0.677805	0.388702
-0.760357	0.44044
-0.856685	0.597344
-0.808816	0.553346
-0.765236	0.642937
-0.583454	0.79194
-0.372384	0.849471
-0.136848	1.24395
-0.0669951	1.3619
-0.0500655	1.28726
-0.0366384	1.30805
-0.0105229	1.25449
-0.0173428	1.02572
-0.0236529	1.07844
0.0335785	0.654382
0.0322609	0.368981
-0.263846	0.261128
-0.39419	-0.041513
-0.268708	-0.2565
-0.447561	-0.314633
-0.510008	-0.321158
-0.616741	-0.242494
-0.695288	-0.440689
-0.710084	-0.0786257
-0.617647	0.0104748
-0.574769	-0.122614
-0.807755	-0.237501
-0.791761	-0.558559
-0.882196	-0.429182
-0.742051	-0.338203
-0.93928	-0.388271
-0.727395	-0.418348
-0.777082	-0.296548
-0.867717	-0.427689
-0.682005	-0.205898
-0.826905	-0.0560088
-0.557554	-0.0950425
-0.0160988	0.208641
-0.0445784	0.191033
-0.0437589	0.149779
-0.0348005	0.148226
-0.027629	0.167181
0.00766095	0.148151
0.0645859	0.135527
0.419701	-0.000983228
0.354726	0.373449
-0.00494879	0.298806
0.0519219	0.192455
-0.249208	0.316007
-0.537643	0.252606
-0.203899	0.685984
-0.544887	0.691939
-0.670465	0.882242
-0.642752	0.886079
-0.630787	0.857126
-0.737849	0.867722
-0.715788	0.735859
-0.760113	0.59595
-0.760555	0.49112
-0.718833	0.431203
-0.755099	0.352086
-0.711117	0.253946
-0.483301	0.0750009
-0.576514	0.195019
-0.183105	0.156787
-0.161857	0.419549
-0.118685	0.577477
-0.306532	0.86376
-0.156301	0.842117
-0.321638	0.671682
-0.283566	0.257194
-0.26539	0.40759
-0.577937	0.127174
-0.648385	0.159453
-0.648874	0.364809
-0.785739	0.217109
-0.72464	0.256925
-0.768414	0.404395
-0.70541	0.480635
-0.783021	0.323768
-0.65766	0.10065
-0.584758	0.180484
-0.642368	0.516361
-0.375106	0.919343
-0.183812	0.517895
-0.0974251	0.192725
-0.330447	0.176573
-0.498602	0.158353
-0.637344	0.318201
-0.59978	0.304625
-0.590907	0.34647
-0.587408	0.34283
-0.464271	0.226976
-0.573193	0.296057
-0.357103	0.194635
-0.306497	0.140767
-0.122007	-0.0442749
-0.143107	0.0302839
-0.179873	-0.0362896
-0.266613	0.128805
-0.329203	0.0979481
-0.398589	0.229908
-0.378922	0.41565
-0.420941	0.560514
-0.426259	0.697842
-0.452616	0.805865
-0.287633	1.08336
-0.440476	1.42472
-0.418512	1.35054
-0.57999	1.35971
-0.386047	1.2921
-0.750515	1.28165
-0.719944	1.0433
-0.642443	0.835471
-0.769902	0.688606
-0.912072	0.58927
-0.754516	0.387013
-0.751407	0.327999
-0.767351	0.394901
-0.84722	0.396738
-0.887517	0.392049
-0.756165	0.35389
-0.825869	0.428085
-1.00648	0.664356
-1.03537	0.864169
-0.98187	1.05417
-0.803551	1.13557
-0.694347	1.03523
-0.740295	1.09195
-0.80698	1.16107
-0.801821	1.14009
-0.667647	1.17375
-0.652212	1.00418
-0.499875	1.03381
-0.669942	1.10733
-0.652761	1.06116
-0.330389	0.79455
-0.25097	0.650166
-0.0725799	0.49568
-0.278907	0.294698
-0.638424	0.491505
-0.599999	0.364316
-0.80353	0.327393
-0.936727	0.311924
-1.07078	0.315909
-1.10953	0.273497
-0.965408	0.152237
-1.06644	0.198714
-0.971868	0.120308
-0.881298	0.0675684
-0.812741	0.0338044
-0.921195	0.127489
-0.914578	0.161084
-0.859947	0.201436
-0.777918	0.221976
-0.758133	0.292849
-0.817701	0.379835
-0.72223	0.380829
-0.695124	0.367042
-0.563402	0.336232
-0.364348	0.158867
-0.399264	0.00425398
-0.784464	0.165456
-1.34442	0.235001
-0.96931	0.378024
-0.803408	0.321819
-0.852135	0.344568
-0.894026	0.307769
-0.926296	0.417768
-1.03325	0.230447
-0.854663	0.476555
-0.988499	0.326218
-0.997072	0.0394071
-0.153706	0.409711
-0.0533826	0.261974
-0.0395111	0.0763324
-0.195149	0.0372872
-0.480177	0.188402
-0.422046	0.118495
-0.495884	0.104427
-0.479661	0.124774
-0.349749	-0.00222334
-0.335176	-0.00670111
-0.369373	-0.0798952
-0.603154	0.055896
-0.655144	0.00109314
-0.669359	-0.192968
-0.494324	-0.324301
-0.36687	-0.401869
-0.46154	-0.382505
-0.441099	-0.333697
-0.547358	-0.397156
-0.63384	-0.362308
-0.654073	-0.0321655
-0.498659	0.241243
-0.901056	0.352226
-1.11487	0.23579
-0.263732	-0.0320088
-0.696923	-0.00343698
-0.665278	0.139162
-0.719275	0.434972
-0.868466	0.149761
-0.991394	0.0364897
-1.07818	0.0523553
-1.09571	0.0867084
-1.18507	0.172172
-1.14073	0.173474
-0.836483	-0.0237917
-0.999914	0.00958887
-0.713437	-0.189078
-0.396125	-0.16796
-0.120366	-0.250958
-0.00992072	-0.234481
0.295757	-0.0875642
0.291312	0.0027271
0.204941	-0.036796
0.338401	-0.0517022
0.12553	0.194198
0.0252045	0.157272
-0.00764254	0.0830506
0.1567	0.143046
0.0449996	0.143221
-0.152033	0.0790968
-0.224687	-0.088011
-0.458855	-0.0573038
-0.483301	-0.250616
-0.419359	-0.367102
-0.75556	-0.259255
-0.676757	-0.385501
-0.631189	-0.464809
-0.752285	-0.326853
-0.739731	-0.23359
-0.851875	-0.360333
-0.648503	-0.236264
-0.503921	-0.404109
-0.817163	-0.290799
-0.825947	-0.389898
-0.863651	-0.457614
-0.792836	-0.503272
-0.728129	-0.208267
-0.720692	-0.338497
-0.761259	-0.536666
-0.876254	-0.273351
-0.66538	-0.294208
-0.772352	-0.352248
-0.831643	-0.510872
-0.752041	-0.533721
-1.26721	-0.50727
-0.945948	-0.456299
-0.771647	-0.156303
-0.966605	-0.352971
-0.847415	-0.473975
-0.888082	-0.294229
-0.806652	-0.255385
-0.861613	-0.269084
-0.728872	-0.31304
-0.826523	-0.499228
-0.779509	-0.405552
-0.813997	-0.274387
-0.783314	-0.44227
-0.675662	-0.251548
-0.781636	-0.0521727
-0.966719	-0.238663
-0.287073	-0.578393
-0.747413	-0.327674
-0.969919	-0.215209
-1.56031	0.136772
-1.09945	0.0637565
-1.12114	-0.0951847
-1.06273	-0.280546
-0.692285	-0.481534
-0.314789	-0.17669
-0.463995	-0.309896
-0.678085	-0.138517
-1.18528	0.0752977
-0.966343	-0.198584
-0.873205	-0.168307
-1.01048	0.0584949
-1.01474	0.143075
-1.10102	0.130386
-1.01909	0.123255
-0.643699	-0.0609026
-0.839402	0.1417
-0.698544	-0.00914262
-0.853788	0.063033
-0.837501	0.138294
-0.918544	0.196437
-0.863637	0.28973
-0.421158	-0.101622
-0.751253	-0.106952
-0.727753	-0.211689
-0.722563	-0.061543
-0.572308	0.037849
-0.422088	0.0799311
-0.0375814	0.160131
-0.207002	-0.00574603
-0.97359	0.309583
-0.83441	0.129566
-0.430961	0.135883
-0.739388	0.460036
-0.818874	0.573229
-0.911365	0.705365
-0.934946	0.782611
-0.928428	0.810793
-0.873373	0.744904
-0.554235	0.682622
-0.114119	0.800286
-0.00529156	0.431517
-0.0783733	0.0849301
0.0181696	-0.0759707
-0.176236	-0.0988811
-0.26596	0.0829017
-0.519263	0.0737907
-0.610772	0.0964795
-0.645362	-0.0276493
-0.830288	0.0589373
-0.712645	-0.0909814
-0.785654	-0.0550297
-1.08235	-0.170943
-0.844542	-0.241242
-0.352343	0.156275
-0.717578	0.192774
-0.936534	0.373526
-0.769549	0.30858
-0.689304	0.334829
-0.650144	0.304069
-0.463268	0.159758
-0.293555	0.0361095
-0.090723	0.174058
0.317559	0.434776
0.0830281	0.632401
-0.174647	0.813149
-0.280494	0.947201
-0.588976	0.55444
-0.809486	0.474133
-0.485934	0.0380369
-0.46335	0.0151104
-0.598522	0.149021
-0.677709	0.10419
-0.61822	-0.0632904
-0.615711	0.221022
-0.58045	0.14395
-0.188934	0.451575
-0.389271	0.271954
-0.579462	0.335101
-0.637726	0.320198
-0.635887	0.315093
-0.644514	0.290532
-0.691218	0.339401
-0.722557	0.342831
-0.947003	0.282498
-0.990779	0.285141
-0.991289	0.194471
-0.993777	0.252027
-1.01019	0.32313
-0.840461	0.253349
-0.753495	0.239193
-0.733193	0.26395
-0.565813	0.347999
-0.408803	0.434367
-0.660191	0.429684
-0.842603	0.385486
-0.923628	0.323035
-0.833695	0.224271
-0.651037	0.0857014
-0.590285	0.0730549
-0.398141	0.0968591
-0.233817	0.175948
-0.204024	0.336223
0.0230708	0.293315
0.0486351	0.248309
-0.177204	0.266098
-0.524081	0.436521
-0.61091	0.248354
-0.712374	0.0180439
-0.485862	-0.137068
-0.483764	-0.122325
-0.624152	-0.00640268
-0.697045	0.0265058
-0.758595	-0.00210751
-0.64084	-0.189274
-0.486203	-0.323309
-0.451996	-0.297417
-0.324507	-0.346019
-0.455478	-0.178372
-0.880512	0.192659
-0.784181	0.0400466
-0.843045	0.182376
-0.811186	0.270493
-0.659273	0.365957
-0.50104	0.523524
-0.170957	0.489488
0.0772219	0.335606
-0.0882713	0.191911
-0.377991	-0.113798
-0.811341	0.118297
-0.494974	0.0982594
-0.519862	0.147252
-0.632253	0.0380046
-0.624092	0.104299
-0.209174	0.208857
-0.209448	-0.0588767
-0.54915	-0.150151
-0.532115	-0.337262
-0.569252	-0.450349
-0.191784	-0.19522
-0.153754	-0.0178774
-0.136965	0.143112
-0.0503057	0.118043
0.00810061	0.141939
0.0790965	0.319549
-0.271268	0.283939
-0.105995	0.334518
-0.201798	0.084695
-0.245691	-0.354686
-0.374317	-0.124657
-0.470829	-0.0924271
-0.486129	0.689948
-0.595081	0.944757
-0.38875	1.35612
-0.355547	1.37698
-0.357835	1.06677
-0.390541	1.17921
-0.427001	1.06273
-0.467473	0.819256
-0.438771	0.741876
-0.602041	0.878546
-0.714772	0.864272
-0.66797	0.770329
-0.725419	0.508764
-0.770502	0.538279
-0.502268	0.415215
-0.171645	0.358266
-0.400383	0.237243
-0.497227	0.255313
-0.574387	0.0622727
-0.604812	-0.167142
-0.567724	-0.204121
-1.05715	-0.191355
-0.818832	-0.20089
-0.40986	0.0203506
-0.849813	0.249697
-0.938833	0.0708326
-0.963602	0.0324494
-0.877423	-0.0581869
-0.860427	-0.173109
-0.884954	-0.170292
-0.857295	-0.101904
-0.799842	-0.292077
-0.869136	-0.139488
-0.76142	-0.248652
-0.427436	-0.238821
-0.0462812	-0.314239
0.0586383	0.0654027
-0.207492	0.0472109
-0.484288	-0.238058
-0.507756	-0.245437
-0.721682	-0.277611
-0.684915	-0.463709
-0.746393	-0.425735
-0.851711	-0.238323
-0.727135	-0.264286
-0.785556	-0.452998
-0.674662	-0.448172
-0.614757	-0.207185
0.0531391	0.155747
0.453707	0.368591
0.183948	0.514589
0.156692	0.565505
-0.131824	0.511506
-0.261445	0.462012
-0.426282	0.48125
-0.548751	0.45306
-0.262967	0.239987
-0.340599	0.308925
-0.36561	0.280351
-0.3132	0.298391
-0.210135	0.247113
-0.146253	0.173728
-0.119663	0.181893
-0.0132407	0.421776
0.409918	0.491709
0.392598	0.373183
0.166276	0.460285
0.105374	0.388521
-0.259375	0.225743
-0.302116	-0.155207
-0.923331	-0.708327
-0.959827	-0.891681
-0.709129	-0.785581
-0.347074	-0.551031
-0.20824	-0.432343
-0.694989	-0.0962745
-0.680615	-0.0430311
-0.657491	0.0524913
-0.59897	0.0518494
-0.446413	0.0737059
-0.369582	0.120715
-0.663276	0.201506
-0.791823	0.103778
-0.741564	0.118133
-0.771873	0.133782
-0.885118	0.0979841
-0.837889	0.0691551
-0.87716	0.072857
-0.881341	0.148341
-0.775113	0.118317
-0.735526	0.432752
-0.420707	1.01877
-0.32189	1.15138
-0.272279	1.14424
-0.113133	1.15464
-0.0347947	1.15155
-0.125568	0.72524
-0.0512205	0.496227
-0.182168	0.490489
-0.276392	0.302032
-0.399916	0.172073
-0.456176	0.114946
-0.312091	-0.132745
-0.113646	-0.213119
-0.379749	-0.0710273
0.308397	0.460979
0.17608	0.279345
0.0872248	0.203277
-0.188249	0.320744
-0.290331	0.408697
-0.699005	0.679906
-0.653793	0.415021
-0.619466	0.475177
-0.677794	0.558424
-0.463647	0.512755
-0.385314	0.54237
-0.178969	0.643888
-0.0176672	0.620953
-0.449072	0.818823
0.181578	0.417808
0.198605	0.511579
0.192282	0.414692
0.0878223	0.607664
0.061533	0.539903
0.00364844	0.504586
-0.0839078	0.406131
-0.120679	0.290099
-0.3107	0.204668
-0.558631	0.188632
-0.689684	0.162266
-0.770358	0.191313
-0.787822	0.169251
-0.77579	0.113733
-0.787852	0.194473
-0.836431	0.250891
-0.853871	0.246775
-0.765377	0.323806
-0.370962	0.413366
-0.186763	0.596905
-0.0913776	0.338424
0.0171032	0.222865
-0.146378	0.213386
-0.228906	0.0525605
-0.720806	-0.0672728
-0.393313	-0.170419
-0.260124	0.168892
-0.621152	0.113742
-0.778297	0.0596288
-0.737905	0.0741394
-1.00375	-0.153224
-1.24128	-0.0501964
-1.21251	-0.183012
-0.846767	-0.0834212
-0.0963927	0.848492
-0.101875	1.01788
-0.0722138	0.874
-0.179236	0.463217
-0.116679	-0.199784
-0.364628	-0.232041
-0.394398	0.0466852
-0.115922	0.0405742
0.218295	0.19815
0.585446	0.448452
0.78	0.41812
0.699899	0.279836
0.214918	-0.242865
0.602324	0.103479
0.464849	-0.292991
-0.0266288	-0.151559
-0.433492	-0.0240394
-0.620911	-0.0147444
-0.802309	0.0221275
-0.791044	0.0166393
-0.563235	-0.244602
-0.497928	-0.103269
-0.642856	0.0431844
-0.549992	-0.0655906
-0.615707	0.069443
-0.623093	0.100515
-0.646046	0.138855
-0.482571	0.101153
-0.510153	0.194923
-0.67412	0.493783
-0.789365	0.931255
-0.690835	1.1947
-0.408643	1.06863
-0.470159	1.13088
-0.48904	1.09589
-0.463515	1.04374
-0.437307	0.554147
-0.704718	0.334347
-0.782285	0.259878
-0.70939	0.138368
-0.719534	0.189811
-0.654896	0.155001
-0.792652	0.300716
-0.7504	0.317624
-0.443869	0.165679
-0.131094	0.201875
-0.0394129	0.39634
-0.169096	0.59982
-0.139318	0.521278
0.176698	0.433926
0.591199	0.432171
0.658011	0.059782
0.421994	-0.00994527
0.126205	0.0739722
0.187706	-0.043832
-0.150964	0.057076
-0.138852	-0.0136497
-0.460996	-0.166878
-0.393373	0.0329893
-0.644536	-0.0899463
-0.626973	-0.0190762
-0.776096	0.313464
-0.383667	0.732136
-0.119599	1.0218
-0.338259	0.830146
-0.505198	0.568995
-0.600749	0.573593
-0.776276	0.663655
-0.786263	0.669496
-0.762645	0.524974
-0.574558	0.417087
-0.546728	0.639417
-0.0925861	0.587741
0.172763	0.542193
0.0227856	0.509004
0.132875	0.0258349
0.204528	-0.230178
0.142494	0.0404571
0.0351885	-0.065087
-0.121413	0.0544808
-0.195094	-0.0107008
-0.0924587	0.0397327
-0.165437	0.0730444
-0.221435	-0.0994475
-0.184223	0.127921
-0.119094	0.176101
0.0179657	0.410541
-0.327088	0.458613
-0.146328	0.479688
-0.254581	0.2911
-0.410197	0.396087
-0.00929208	0.288847
-0.146505	0.247228
-0.520683	0.303905
-0.527221	0.0818972
-0.600521	0.0227909
-0.720041	0.0253053
-0.875732	0.208095
-0.754296	0.264251
-0.85079	0.277647
-0.9796	0.164685
-0.985239	0.299936
-0.75685	0.0289377
-0.617214	0.236616
-0.45916	0.471699
-0.292786	0.436134
-0.303816	0.464506
-0.337326	0.293083
-0.436122	0.395745
-0.631425	0.16952
-0.807115	0.409522
-0.94147	0.753563
-0.939931	1.10075
-1.01515	1.15615
-1.03713	1.05101
-0.950536	0.77829
-1.09045	0.658743
-1.11712	0.455498
-1.20107	0.366145
-1.18012	0.248908
-1.08646	0.0528434
-1.04012	0.0636876
-0.858553	0.00170216
-0.474904	-0.072836
-0.257675	-0.112906
-0.569552	-0.212375
-0.928943	0.0276638
-1.24412	0.118043
-1.39847	0.0625816
-1.21773	-0.203268
-1.4098	-0.122597
-1.29866	-0.205086
-1.37788	-0.128367
-1.20411	-0.118358
-1.10716	0.00246753
-0.978937	0.193398
-0.960202	0.404382
-0.707564	0.37604
-0.263624	0.0853726
-0.295765	-0.175678
-0.244363	-0.00401573
-0.28712	-0.189303
-0.281525	-0.076069
-0.27494	0.036254
-0.137914	-0.0203042
-0.441139	0.339229
-0.319491	0.179234
-0.351913	0.154894
-0.216486	0.0284171
-0.291436	0.225993
-0.392199	0.0924083
-0.411328	0.0955698
-0.492969	0.0305324
-0.748677	-0.316089
-0.850749	-0.536322
-0.821212	-0.209862
-0.728529	-0.139844
-0.693245	-0.25971
-0.829302	-0.299544
-0.819433	-0.354666
-0.851179	-0.261656
-0.661509	-0.524248
-0.700664	-0.348661
-0.785795	-0.303355
-0.577236	-0.425655
-0.540079	-0.0333325
-0.44844	0.139722
-0.640758	0.573014
-0.765716	0.658931
-0.941206	0.780093
-0.796501	0.795856
-0.885301	0.88469
-0.774656	0.898642
-0.762782	0.785282
-0.984511	0.803578
-1.01912	0.762408
-0.838777	0.465647
-0.424404	0.232785
-0.153812	0.16279
-0.0819005	0.0907612
-0.25552	-0.0910619
-0.777293	0.122188
-0.9975	0.398945
-0.846405	0.299349
-0.741923	0.258869
-0.726105	0.326191
-0.757778	0.300383
-0.752948	0.207345
-0.803147	0.15406
-0.567116	0.00927749
-0.341308	0.26264
0.0896972	0.197041
0.239701	0.0548712
0.0689826	-0.31787
-0.0399574	-0.323257
-0.260041	-0.516893
-0.0593368	-0.258493
0.294885	-0.0700194
0.177236	0.0760151
0.0410829	0.194039
-0.359077	-0.116015
-0.668911	0.093349
-0.650831	0.213031
-0.544115	0.22216
-0.407993	0.214988
0.166329	0.282921
0.224706	0.158197
0.163979	0.351323
0.166401	0.281747
0.0670375	0.168304
0.043392	0.34397
-0.358826	-0.0434922
-0.409886	0.101613
-0.383283	0.0212832
-0.403282	0.0408714
-0.485989	-0.0057812
-0.709983	0.196204
-0.725696	0.338623
-0.804051	0.305214
-0.856451	0.233385
-1.10832	0.253381
-1.10866	0.12194
-0.898236	-0.124385
-0.907487	-0.0503138
-0.942172	0.0617757
-0.859696	0.0778917
-0.854655	0.0472443
-0.840096	0.0975664
-1.00442	0.187835
-1.03922	0.26722
-1.06172	0.275299
-0.946117	0.153797
-0.957714	0.103993
-0.869383	0.0604362
-0.889974	0.0544896
-0.812012	0.269357
-0.460939	0.249156
-0.346968	0.208108
-0.458831	0.0371128
-0.699183	0.203974
-0.747093	0.308106
-0.749857	0.268047
-0.613413	0.0466998
-0.66971	-0.029786
-0.416802	0.240228
-0.728131	0.537452
-0.706365	0.190996
-0.370941	0.184392
-0.476293	0.0368718
-0.79127	-0.218368
-0.697792	-0.0799637
-0.633767	-0.220094
-0.944352	-0.101648
-1.14422	-0.158228
-1.09617	-0.350617
-1.15471	-0.111977
-0.847162	0.211144
-0.764294	0.393096
-0.952591	0.244559
-0.989411	0.152242
-1.00562	0.156194
-1.03545	0.254155
-0.950719	0.138918
-0.80132	0.0891968
-0.886626	0.156784
-0.854773	0.117146
-0.705997	0.0297635
-0.717477	0.113697
-0.719689	0.169276
-0.758655	0.271286
-0.629206	0.116823
-0.606117	0.0851133
-0.60518	0.0759875
-0.643715	0.0564131
-0.482833	-0.158239
-0.502894	-0.192794
-0.424721	-0.193558
-0.308305	-0.250396
-0.162901	-0.243081
-0.102448	-0.27738
-0.989886	-0.248138
-0.946469	-0.463073
-0.776929	-0.350197
-0.887516	-0.409204
-0.849465	-0.463841
-0.934183	-0.520418
-1.08698	-0.459857
-1.0703	-0.218398
-0.985126	-0.198156
-0.132071	0.201615
-0.420532	0.113229
-0.634569	0.367198
-0.703468	0.550743
-0.667592	0.463218
-0.643752	0.455238
-0.689027	0.54641
-0.58308	0.437021
-0.39009	0.232544
-0.317513	0.228556
-0.385133	0.271497
0.117819	0.0131247
0.0449678	0.473591
-0.20523	0.526282
-0.43271	0.468028
-0.503895	0.228138
-0.574757	0.371842
-0.449443	0.096235
-0.533765	-0.0239407
-0.209176	0.13717
-0.0654253	0.317547
0.0818214	0.407042
-0.0318199	0.446363
-0.27747	0.194948
-0.483736	0.309649
-0.533177	0.343655
-0.615424	0.331287
-0.626451	0.462747
-0.580311	0.480291
-0.595873	0.427791
-0.754572	0.378553
-0.553735	0.0928883
-0.494205	-0.0443881
-0.442729	-0.132536
-0.499806	-0.132514
-0.526221	-0.168036
-0.424028	-0.140329
-0.32862	0.203111
0.0584819	0.191505
0.211555	0.203582
0.199525	-0.256077
-0.026567	-0.266602
-0.142374	-0.394428
-0.350663	-0.150424
-0.408038	-0.354117
-0.390072	-0.432106
-0.405444	-0.339645
-0.59508	-0.206662
-0.782133	-0.265669
-0.475259	-0.342447
-0.414942	0.0882176
-0.614799	0.015071
-0.685398	0.125519
-0.792958	0.273203
-0.749049	0.316899
-0.602383	0.209835
-0.333409	0.186097
-0.176058	0.688454
-0.390727	0.865012
-0.875724	0.745331
-0.880553	0.544491
-0.858703	0.357453
-0.760872	0.0490587
-0.759889	-0.0464163
-0.633015	-0.0460388
-0.690528	-0.0958436
-0.599352	-0.0681339
-0.647308	0.101383
-0.943592	0.401332
-0.497258	0.124089
-0.73512	0.0168644
-0.438196	-0.140338
-0.466728	-0.0705366
-0.48007	-0.135232
-0.232823	-0.189688
-0.093877	0.00543744
0.074827	0.147857
-0.0943752	0.0162558
-0.439007	-0.108305
-0.546878	-0.17202
-0.56178	-0.221481
-0.959412	-0.145871
-0.629281	0.0268912
-0.70922	0.346768
-0.897621	0.282349
-1.07011	0.277072
-1.15607	0.267044
-1.22123	0.30476
-1.1459	0.315662
-1.09475	0.259901
-1.10965	0.30692
-1.15958	0.386938
-0.974103	0.272107
-0.520195	0.39869
-0.379687	0.261852
-0.386215	0.132756
-0.581844	0.361807
-0.740352	0.550616
-0.785337	0.795816
-0.739314	0.816675
-0.73756	0.742078
-0.775834	0.834583
-0.928363	0.969261
-0.898557	0.88005
-0.844698	0.710571
-0.685851	0.456545
-0.151026	0.29877
-0.158045	0.477826
-0.445795	0.240691
-0.72127	0.215296
-0.552921	0.166672
-0.719181	0.189572
-0.760904	-0.039429
-0.363865	0.52703
-0.558489	0.577799
-0.919601	0.776054
-1.08372	0.473756
-0.886805	0.192646
-0.711504	0.0971261
-0.507569	0.0420251
-0.627909	0.150884
-0.764363	-0.0518138
-0.802383	0.0264914
-0.846305	0.0766827
-0.69153	-0.187837
-0.691821	-0.0799629
-0.794452	-0.0273139
-0.792009	-0.169503
-0.845714	-0.225513
-0.809872	-0.247428
-0.878015	-0.137437
-0.760597	-0.242926
-0.815035	-0.230881
-0.905433	-0.334745
-0.736226	-0.388956
-0.459489	-0.137832
0.400986	0.285902
0.503429	0.360142
0.266831	0.419329
-0.0514226	0.427036
-0.319512	0.315572
-0.466484	0.187917
-0.534129	-0.0461763
-0.335524	-0.4437
-0.240095	-0.212818
-0.119354	-0.0814619
-0.288856	0.19302
-0.409056	0.419011
-0.660197	0.365324
-0.765318	0.245742
-0.89044	0.182045
-0.964226	-0.275582
-1.02001	-0.109849
-0.976549	-0.15892
-1.06491	0.0332243
-1.00454	-0.0781995
-0.946053	-0.138828
-0.132673	0.256879
0.548234	0.489245
0.789507	0.481667
0.604337	0.479218
0.389841	0.59477
-0.48418	0.715792
-0.237382	0.645179
0.10056	0.204538
-0.378514	0.112723
-0.670327	0.343681
-1.16347	0.415564
-0.301983	0.625462
-0.193389	0.499015
-0.166782	0.479081
-0.139563	0.228422
-0.421814	0.2403
-0.44048	0.000490346
-0.595913	0.0581684
-0.759198	0.288437
-1.03734	0.701752
-1.18841	0.982712
-1.06526	1.01897
-1.04957	0.905187
-0.998522	0.903425
-1.11205	0.79926
-1.11998	0.489274
-0.659629	0.245197
-0.198059	0.274757
-0.521487	0.396475
-0.540196	0.209352
-0.623992	-0.0446296
-0.737974	-0.205549
-0.924715	-0.326958
-0.921993	-0.173443
-0.892306	-0.0545563
-0.774112	-0.203382
-0.675368	-0.0933212
-0.79234	0.440756
-0.919889	0.250227
-0.714369	0.0189874
-0.358761	0.147257
-0.291031	-0.0374396
-0.5156	-0.0232106
-0.637685	-0.133011
-0.592442	-0.174182
-0.561296	-0.101071
-0.378667	-0.249748
-0.364103	-0.397233
-0.263585	-0.434814
-0.199601	-0.467957
-0.171352	-0.200233
0.172137	-0.133023
-0.150787	0.291202
-0.241919	0.146068
-0.214308	0.138843
0.150418	0.400073
-0.159043	0.278258
-0.259044	0.519029
-0.379151	0.3933
-0.334908	0.511472
-0.580315	0.523533
-0.460753	0.556481
-0.440333	0.564897
-0.293976	0.425244
-0.662637	0.735694
-0.870963	0.573781
-0.8703	0.266605
-0.787729	0.0512963
-0.592774	-0.176772
-0.796801	-0.0976509
-0.703631	-0.0642622
-0.659678	-0.0424077
-0.774448	-0.146997
-0.841614	-0.0107409
-0.846021	-0.312725
-0.798838	-0.31261
-0.873224	-0.269466
-0.660226	-0.475844
-0.606142	-0.328686
-0.779277	-0.340674
-0.663831	-0.5837
-0.674451	-0.321874
-0.623152	-0.195422
-0.300269	-0.0770954
-0.395758	0.536416
-0.426862	0.273709
-0.44135	0.26873
-0.46027	0.497674
-0.470585	0.821437
-0.136868	0.474206
-0.115161	0.580454
-0.386203	0.31879
-0.11872	0.14334
-0.255976	0.0790999
-0.307734	0.0485409
-0.260211	0.109914
-0.172233	0.144486
-0.0342308	0.203452
-0.0972167	0.101541
-0.185966	0.0823486
-0.754995	-0.08201
-0.801377	-0.219243
-0.512266	0.134286
-0.549365	0.111614
-0.590577	-0.0120579
-0.664719	-0.0418896
-0.814743	0.0888815
-0.67466	0.0358207
-0.683241	0.0541124
-0.702424	0.12643
-0.649994	0.0909016
-0.593592	0.128479
-0.438403	0.231496
-0.318105	0.387838
-0.108363	0.373713
0.129542	0.238561
0.115566	0.214909
-0.0980694	0.147243
-0.241654	0.320877
0.013683	0.342684
0.122334	0.401036
-0.204268	0.392358
-0.221408	0.203169
-0.392204	0.472187
-0.47607	0.350815
-0.387081	0.271214
-0.224024	0.0988941
-0.186798	0.19059
0.00423768	0.045301
0.1291	0.317091
0.120607	0.297622
-0.135903	0.204717
-0.160584	0.0717779
-0.417447	0.0858664
-0.32824	-0.216724
-0.65038	-0.119726
-0.384727	-0.0199449
-0.476108	0.157967
-0.826265	0.119101
-0.857566	-0.0573497
-0.648764	-0.076359
-0.328582	0.0856906
-0.0410907	0.187109
0.0681246	-0.000366408
-0.0861926	0.195974
-0.264593	0.383382
-0.332947	0.188953
-0.425759	0.033045
-0.498614	-0.0623655
-0.429467	-0.12868
-0.383106	-0.148414
-0.359061	-0.101924
-0.383802	-0.0634729
-0.509046	-0.00318021
-0.559692	-0.00457512
-0.56011	0.0439557
-0.442273	0.0305994
-0.214311	0.205475
-0.318276	0.112682
-0.144863	0.174647
-0.385909	0.0315339
-0.603101	-0.0601248
-0.634463	-0.219894
-0.96319	-0.20222
-0.802897	-0.0758505
-1.05109	-0.166724
-0.588031	-0.184466
-0.917059	-0.150544
-0.358069	0.090769
-0.401603	0.479562
-0.199889	0.336118
-0.172444	0.276481
-0.386437	0.282248
-0.524012	0.381907
-0.597407	0.700392
-0.530729	0.804357
-0.403979	0.945845
-0.249462	1.15091
-0.136432	1.23174
0.00604053	1.27319
-0.0214721	1.18709
-0.00109829	1.21551
-0.06227	1.10964
0.0366284	0.500676
-0.358186	0.280282
-0.441427	0.295766
-0.518519	0.342433
-0.575132	0.286142
-0.634009	0.30899
-0.554741	0.0288875
-0.528955	-0.0472932
-0.829527	0.220269
-0.576272	0.0398161
-0.329345	-0.401523
-0.123587	-0.744636
-0.0641259	-0.716635
-0.0399622	-0.8343
0.0041698	-0.836717
-0.0345433	-0.796832
-0.090645	-0.738241
0.0978185	-0.861461
0.022062	-0.736763
0.151152	-0.61366
0.182056	-0.596095
-0.94287	-0.400506
-0.794778	-0.334021
-0.661539	-0.41303
-0.852496	-0.46412
-0.922217	-0.370456
-0.536816	-0.362083
-0.758384	-0.229103
-0.851266	-0.224975
-0.951409	-0.460397
-0.648041	-0.165252
-0.658452	-0.133971
-0.748194	-0.162202
-0.830737	0.0265661
-1.25475	0.0406012
-0.669916	0.0533984
-0.24135	-0.0243323
-0.401322	-0.157205
-0.517027	-0.0728822
-0.283777	-0.140642
-0.455888	-0.335505
-0.948968	-0.526457
-1.04701	-0.619814
-1.31843	-0.462531
-1.0117	-0.105826
-1.14161	0.30203
-1.05533	0.117134
-1.06118	0.174851
-0.927674	0.159212
-0.915206	0.273301
-0.735329	0.345548
-0.311828	0.428314
-0.272832	0.292816
-0.430493	0.275108
-0.545074	0.447701
-0.470268	0.534513
-0.527008	0.499398
-0.208606	0.358795
-0.420297	0.371315
-0.498474	0.436977
-0.116113	0.335613
-0.43725	0.332861
-0.664453	0.202747
-0.862696	0.0752709
-0.890455	-0.00119557
-0.906168	0.0151638
-0.950966	0.135705
-0.997947	0.304068
-1.02996	0.494768
-0.900933	0.689162
-0.813675	0.905535
-0.690912	1.0106
-0.677747	1.11095
-0.67555	1.10172
-0.424807	1.019
-0.420478	0.898785
-0.376389	0.623849
-0.665503	0.476329
-0.788041	0.443221
-0.820031	0.391735
-0.787554	0.306973
-0.673849	0.385061
-0.661356	0.140358
-0.406454	-0.284406
-0.504725	-0.141579
-0.771435	-0.0821085
-0.858589	-0.108451
-0.874634	-0.122702
-0.868578	-0.149356
-0.972198	-0.0569239
-0.951858	-0.0589645
-0.906023	0.011363
-0.766241	0.0307888
-0.547951	0.058983
-0.516788	0.193993
-0.202806	-0.00350844
-0.380048	0.29068
-0.289761	0.154813
-0.352332	0.242245
-0.516119	0.0729166
-0.245819	0.0338202
-0.354305	0.0168697
-0.376599	-0.110303
-0.465773	0.0516929
-0.45855	0.00849335
-0.712875	-0.0327597
0.120496	0.261982
0.109705	0.166295
0.377344	0.120283
-0.101805	0.179989
-0.537353	-0.0918655
-0.388048	-0.0687492
-0.661159	-0.155501
-0.68544	-0.356214
-0.500764	-0.1775
-0.6514	-0.30102
-0.621569	-0.352034
-0.587888	-0.370443
-0.708935	-0.349217
-0.892283	-0.351654
-0.530204	-0.171957
-0.0386202	0.166892
-0.154295	0.168953
-0.400663	0.293842
-0.61335	0.343741
-0.519715	0.161445
-0.541494	0.198476
-0.470437	0.0723012
-0.633292	0.129108
-0.56918	0.037752
-0.609485	0.0116318
-0.375895	0.229688
-0.400026	0.120823
-0.886198	0.0143896
-0.79587	0.0475498
-0.844052	0.195405
-0.904513	0.178285
-1.01045	0.100181
-1.04309	0.00883839
-1.13864	0.0461856
-1.05269	-0.0501023
-0.978145	0.0973037
-0.766879	0.180248
-0.522156	0.0320561
-0.393678	0.0665716
0.0321896	0.0667235
0.217415	-0.0570687
0.0368516	0.0397977
-0.133891	0.0922073
-0.509562	0.30407
-0.60807	0.293636
-0.691965	0.201927
-0.636423	0.121523
-0.876864	0.219946
-1.00848	0.306656
-0.898163	0.228699
-0.717157	0.256036
-0.606266	0.315305
-0.387059	0.216477
-0.0674413	0.24024
-0.305375	0.259591
-0.221232	0.112844
-0.203621	0.0164145
-0.262212	0.083243
-0.532651	-0.110794
-0.573936	-0.188346
-0.693082	-0.0375856
-0.493235	-0.139352
-0.314626	-0.160843
-0.179827	-0.185349
-0.522441	-0.276751
-0.156172	-0.544052
-0.182886	-0.383546
-0.116477	-0.158455
-0.0655776	0.128422
-0.0173666	0.216321
-0.0402207	-0.0613952
-0.139504	-0.175535
-0.11956	-0.423966
-0.0708761	-0.639236
0.0396995	-0.727383
0.123277	-0.72433
0.178149	-0.676279
0.178458	-0.395901
0.198298	-0.291747
0.178941	-0.259981
0.151761	-0.0872383
0.0668679	0.106804
0.148194	0.00195774
0.228057	-0.00323291
0.367192	0.128696
0.322291	0.261822
0.215547	0.450346
0.120291	0.33096
0.0640366	0.312937
0.103123	0.462154
0.0742401	0.50335
0.179953	0.373109
0.225244	0.220057
-0.101363	0.385843
-0.556588	0.654157
-0.456043	0.409504
-0.356013	0.716689
-0.525119	0.800491
-0.472592	0.656731
-0.403734	0.52041
-0.286819	0.457987
-0.247598	0.389362
-0.340271	0.34199
-0.0275606	-0.00963694
-0.0568167	-0.0466682
-1.1403	-0.244195
-1.24599	-0.234546
-0.929705	-0.296031
-0.897605	-0.351409
-0.917694	-0.422119
-0.887491	-0.405506
-0.936524	-0.198999
-0.849656	-0.148586
-0.691827	-0.409917
-0.831178	-0.482143
-0.848171	-0.218544
-0.905275	-0.189629
-0.693321	-0.311411
-0.756529	-0.23821
-0.545836	0.00928796
-0.0957769	0.279926
-0.121365	0.319322
-0.0865416	0.245644
0.00740161	0.188104
-0.00864881	0.26172
-0.00152127	0.324743
0.237489	0.418148
0.146827	0.552464
0.180524	0.270987
-0.108547	0.210869
-0.581428	-0.112104
-0.50291	-0.515941
-0.182254	-0.128752
-0.369016	0.318498
-0.446782	0.227222
-0.512699	0.135289
-0.517337	0.0748611
-0.665786	0.263519
-0.661823	0.351522
-0.604121	0.282749
-0.689332	0.274642
-0.750006	0.241555
-0.743164	0.200533
-0.613845	-0.000418287
-0.488765	-0.039263
-0.493887	0.0160441
-0.470311	0.0182262
-0.317858	0.0516797
-0.173332	0.304631
-0.144418	0.303662
-0.237033	-0.0945806
-0.260138	-0.0809842
-0.535332	-0.129626
-0.968038	-0.292373
-0.646091	-0.113917
-0.49655	0.226161
-0.550319	0.175307
-0.593828	0.323572
-0.30116	0.471174
-0.595446	0.551002
-0.654651	0.713045
-0.825944	0.883155
-0.849518	0.784729
-0.769735	0.645753
-0.395602	0.51687
-0.0894652	0.434314
-0.334383	0.410298
-0.340462	0.408082
-0.320507	0.441315
-0.41708	0.210021
-0.559835	-0.113998
-0.917699	-0.156919
-0.753316	0.214382
0.21708	0.270751
-0.214487	0.286412
-0.203945	0.0360718
-0.302147	0.0427582
-0.596489	0.22843
-0.730171	0.305351
-0.685466	0.147701
-0.575912	0.00850485
-0.366013	-0.0938872
0.0286321	-0.0683407
-0.133775	0.386705
-0.258293	0.529073
-0.396339	0.549933
-0.18303	0.301663
-0.437383	0.2501
-0.552809	0.440243
-0.541584	0.212259
-0.472726	0.218029
-0.555215	0.332795
-0.83395	0.094963
-0.760046	-0.0532585
-0.139245	0.44941
-0.00573966	0.574407
0.361865	0.304638
0.293661	0.256291
0.226547	0.523014
0.153312	0.47776
0.09908	0.256159
-0.0678665	0.171305
-0.319697	0.0375661
-0.530046	-0.0525563
-0.665993	-0.0245044
-0.85831	0.293793
-0.92794	0.423192
-0.903599	0.355334
-0.655301	0.310604
-0.526161	0.0821281
-0.419826	0.211799
-0.699238	0.357735
-0.769163	0.30495
-0.892562	0.343555
-0.960859	0.256035
-0.916514	0.0685722
-0.768179	0.100215
-0.352705	0.0845483
-0.0917893	0.406032
-0.215309	0.611157
-0.0826015	0.354898
-0.0901935	-0.0903897
-0.135064	0.0311505
-0.35676	-0.165658
-0.128383	-0.00177348
-0.392654	-0.0828188
-0.445113	-0.0508575
-0.523297	-0.0337231
-0.38994	0.364854
-0.127748	0.756942
-0.344911	0.465496
-0.567783	0.396908
-0.808427	0.501691
-0.914768	0.43666
-0.951465	0.402586
-1.00808	0.435449
-0.981905	0.356812
-0.803796	0.297272
-0.21243	0.420232
-0.22439	0.444838
0.0752529	0.323307
-0.052696	0.391385
-0.0404818	0.543928
-0.149326	0.194503
-0.457742	0.402851
-0.469745	0.165412
-0.536911	0.0210747
-0.473376	0.0137906
-0.437762	0.0618659
-0.334661	0.142478
-0.164141	0.300992
-0.102737	0.505839
-0.031492	0.440943
-0.0665527	0.529657
0.00592675	0.264715
-0.11302	0.231936
-0.305805	0.306587
-0.528598	0.300847
-0.579532	0.305375
-0.624439	0.27598
-0.649506	0.291956
-0.554446	0.259193
-0.600523	0.294421
-0.683827	0.255242
-0.41152	0.2208
-0.377948	0.206396
-0.390255	0.0745448
-0.594055	0.0822006
-0.687935	0.0526429
-0.588479	0.174314
-0.633911	0.5626
-0.710513	0.841804
-0.637363	0.900543
-0.491261	0.942089
-0.489542	0.913083
-0.476962	0.918449
-0.636805	1.10045
-0.587683	0.961997
-0.699978	0.925691
-0.803789	0.861702
-0.86002	0.720317
-0.839401	0.620962
-0.956014	0.599648
-0.881639	0.477819
-0.740207	0.421038
-0.226566	0.295747
-0.270469	0.552951
-0.368624	0.661452
-0.461287	0.655546
-0.443906	0.290491
-0.381674	0.339381
-0.4943	0.378585
-0.615894	0.236401
-0.709097	0.141303
-0.59368	0.0957527
-0.535567	0.113133
-0.436191	0.192645
-0.301652	0.221486
-0.183991	0.323344
-0.17462	0.389939
-0.238976	0.320347
-0.312386	0.196696
-0.452447	0.154922
-0.504765	0.112864
-0.612036	0.0441182
-0.610348	-0.0865436
-0.620188	-0.0952161
-0.727499	-0.0863865
-0.907165	0.0994368
-0.707222	0.0328604
-0.669592	0.0688554
-0.439352	-0.0379354
-0.695454	-0.16674
-0.78792	0.0357186
-0.787434	0.117453
-0.901884	0.15596
-0.822874	0.0793831
-0.519805	-0.24391
-0.681063	-0.0515616
-0.654563	0.0098531
-0.697386	0.0237661
-0.634847	0.0647082
-0.829785	0.153379
-0.869194	0.14587
-0.800555	0.0268421
-0.668732	-0.069512
-0.816881	0.0548067
-0.848146	0.155394
-0.770688	0.0285238
-0.611102	-0.213962
-0.176143	-0.598228
-0.128674	-0.511802
0.0929295	-0.463499
0.179984	-0.264017
0.221276	-0.433363
0.359537	-0.359687
0.539383	-0.419187
0.453041	-0.383713
0.279172	-0.302147
0.209913	-0.393162
0.227186	-0.127942
0.10883	-0.0716202
0.0756593	-0.0895978
-0.248337	-0.263665
-0.3353	-0.244518
0.0805277	0.115184
0.194835	0.180689
-0.0967409	0.265091
-0.169802	0.0797383
-0.309089	-0.0392069
-0.541163	-0.199017
-0.830985	-0.0172102
-0.275121	0.36032
0.0157453	0.448255
0.0730675	0.285714
0.0857785	0.281881
-0.00454207	0.443964
0.104118	0.331724
-0.0695184	0.304335
-0.19909	0.183482
-0.264694	0.103829
-0.439248	0.144364
-0.555527	0.0672258
-0.760099	0.0252978
-0.828446	0.0891501
-0.608021	-0.16133
-0.583938	-0.173637
-0.429469	-0.187108
-0.271204	-0.168699
-0.201298	0.262544
-0.356711	0.54086
-0.264196	0.512249
-0.413708	0.692922
-0.625084	0.292699
-0.678788	0.287275
-0.869839	0.246666
-0.681014	0.345149
-0.617243	0.235276
-0.53948	0.163223
-0.910624	0.0415794
-0.547285	0.3076
-0.401412	0.565582
-0.508329	0.378634
-0.693022	0.353346
-0.774645	0.412533
-0.794506	0.450376
-0.819397	0.497192
-0.893254	0.524026
-0.856685	0.502444
-0.450284	0.586458
-0.526903	0.82383
-0.302427	0.675674
-0.250124	0.784764
-0.312012	0.525809
-0.0968899	0.331104
-0.194142	0.236838
-0.22807	0.323903
0.0736829	-0.100325
-0.0926492	-0.222637
-0.185416	-0.216862
-0.229004	-0.289674
-0.210185	-0.666166
-0.615459	-0.333584
-0.549024	-0.0134074
-0.339686	0.162359
-0.257742	0.15183
-0.100053	0.117079
-0.153537	0.111428
-0.161389	0.265896
-0.391057	0.255778
-0.48763	0.0563948
-0.481834	-0.0694081
-0.178057	-0.221923
0.137948	-0.115827
0.470838	0.179488
0.593268	0.310003
0.552293	0.418954
0.625672	0.322476
0.657094	0.506919
0.807145	0.427316
0.686755	0.451481
0.880896	0.430938
0.726053	0.456967
0.464861	0.440786
0.214357	0.462714
0.220282	0.385206
-0.179116	0.432786
-0.103665	-0.0758018
-0.098135	-0.194085
-0.217215	-0.0279626
0.0578355	-0.0360485
0.0766086	0.273889
0.0359877	0.508101
-0.0888491	0.128815
-0.23545	-0.0193927
-0.463591	-0.203576
-0.490638	-0.188364
-0.556399	-0.196172
-0.536257	-0.15756
-0.565186	-0.331331
-0.878426	-0.210763
-0.490255	-0.335457
-0.039986	0.259131
-0.485752	0.246882
-0.192228	-0.0136608
-0.0496971	-0.205397
-0.201114	-0.14698
-0.143093	-0.233292
-0.168646	-0.249392
-0.111863	-0.328646
-0.154324	-0.323618
-0.0190013	-0.383751
0.204742	-0.490669
0.362801	-0.507237
0.428864	-0.409794
0.640925	-0.327515
0.394052	-0.359565
0.212995	-0.465544
0.231236	-0.467067
0.111023	-0.240979
-0.854432	-0.38321
-0.637091	-0.239459
-0.656067	-0.276641
-0.795417	-0.331628
-0.856504	-0.377677
-0.850678	-0.441043
-0.687513	-0.594083
-0.663868	-0.476493
-0.530644	-0.272429
-0.637747	-0.0780452
0.0247577	0.380315
-0.182933	0.283903
-0.165638	0.531814
-0.351969	0.167593
-0.602598	0.101329
-0.724705	0.0303924
-0.862644	0.0868962
-0.913203	0.0400432
-0.996355	-0.0349552
-0.911466	-0.179302
-0.853365	-0.282194
-0.505363	-0.191425
-0.243708	-0.145159
-0.534329	0.106579
-0.704297	0.0911051
-1.1108	-0.146681
-1.2959	-0.541938
-1.24447	-0.303334
-1.0809	-0.206732
-0.615047	0.0332105
-0.804594	0.12877
-0.986766	-0.0172668
-1.02304	0.0993882
-0.686057	0.25656
-0.795589	0.178481
-0.621318	0.334028
-0.697525	0.413271
-0.833624	0.581932
-0.918492	0.963571
-0.914289	1.13628
-0.878577	1.13524
-0.876467	1.1697
-0.782326	1.1668
-0.777639	1.24687
-0.782829	1.217
-0.788438	1.01903
-0.72871	0.849592
-0.617441	0.9031
-0.375181	0.852837
-0.206984	0.82316
-0.0942752	0.716215
-0.241219	0.633047
-0.303953	0.598383
-0.258922	0.8572
-0.442297	0.572312
-0.224422	0.333319
-0.13694	0.217851
-0.0827742	0.245384
-0.205165	0.110429
-0.218558	-0.0472501
-0.174813	0.000835981
0.172051	0.0238925
0.121436	0.122582
-0.598906	0.278457
-0.85681	0.382119
-0.843175	0.278247
-0.773316	0.237553
-0.752491	0.136829
-0.709459	0.0788694
-0.62138	0.086318
-0.423891	0.0307692
-0.195077	0.0205531
0.0575154	-0.076742
0.226872	0.0772123
-0.00650662	0.176738
-0.186219	0.013086
-0.309559	0.015742
-0.464989	0.0110662
-0.693787	-0.260612
-0.738538	0.0231946
-1.30894	0.216752
-1.11995	0.0999954
-0.357294	0.684122
0.179582	0.445713
0.16332	0.210891
-0.199633	0.241092
-0.358428	0.301166
-0.226918	0.175554
-0.140404	0.175132
-0.0122432	0.250519
-0.12058	0.46533
-0.489093	0.446181
-0.234356	0.39554
-0.370379	0.299426
-0.677761	0.654815
-0.908548	0.481341
-0.885891	0.471155
-0.669215	-0.144953
-0.597097	-0.0693085
-1.20063	0.238103
-1.27434	0.227008
-0.933786	0.145389
-0.477428	0.323702
-0.858328	0.670771
-1.08488	0.620268
-1.12027	0.532679
-0.958399	0.390502
-1.0731	0.363051
-1.04506	0.274826
-0.783151	0.0533375
-0.792302	0.0942323
-0.416991	-0.0366591
-0.178481	-0.0755217
0.287719	-0.173195
0.602786	0.10714
0.640746	0.0763988
0.342479	0.393442
0.404078	0.332129
0.493187	0.115771
0.606233	-0.00242912
0.29896	-0.318507
-0.332205	-0.130544
-0.61485	-0.0979681
-0.611871	-0.0586637
-0.475523	-0.075014
-0.357634	-0.085525
-0.127812	-0.0550386
0.178443	0.113819
0.0202286	0.124639
0.110404	0.10974
-0.0969579	-0.086167
-0.391222	0.00415139
-0.522107	-0.0797808
-0.453693	-0.213878
-0.556448	-0.0999047
-0.587052	0.215508
-0.321124	-0.0390867
-0.372162	-0.133261
-0.52772	-0.148121
-0.671433	-0.1389
-0.629418	0.00484723
-0.600665	0.0990327
-0.708681	0.0371234
-0.582258	-0.220435
-0.533508	-0.287351
-0.716681	-0.14175
-0.627527	-0.143312
-0.833896	-0.0439132
-0.915639	0.0620665
-0.52357	0.00257007
-0.231781	-0.308675
-0.363499	-0.240979
-0.481948	-0.292155
-0.47675	-0.267798
-0.545716	-0.31226
-0.724252	-0.118466
-0.622126	-0.00627303
-0.18399	0.0652551
0.0378525	0.0440777
-0.300669	0.032923
0.137623	-0.0691228
0.330136	-0.0537037
0.393899	0.0607711
0.0728571	0.128308
0.0408763	0.0897966
-0.0405246	0.173666
0.012371	0.174803
0.143923	0.147936
0.0288019	0.0942147
-0.549365	0.0381053
-0.177505	-0.0237156
-0.271756	-0.145423
-0.42101	-0.117003
-0.367844	-0.0419808
-0.195686	-0.0712947
-0.0919801	-0.128706
-0.363603	-0.211755
-0.470254	-0.190329
-0.587543	-0.131918
-0.372727	-0.291185
-0.421926	-0.22097
-0.220718	-0.146145
-0.212856	-0.165103
-0.262319	0.0202082
-0.323303	-0.216838
-0.396296	-0.445551
-0.491114	-0.325684
-0.395383	-0.304552
-0.632011	-0.178871
-0.534527	-0.291016
-0.411466	-0.606502
-0.584652	-0.721255
-0.566497	-0.367937
-0.483032	-0.288987
-0.740517	-0.392551
-0.477199	-0.525343
-0.498639	-0.447269
-0.537553	-0.285029
-0.401141	-0.267694
-0.282715	-0.108874
-0.161885	0.29459
-0.195647	0.161102
-0.445283	0.259145
-0.390215	0.584434
-0.679636	0.93108
-0.687743	0.904169
-0.415999	0.820953
-0.236808	0.956426
-0.192539	1.0937
-0.245407	0.90752
-0.350112	1.04892
-0.573811	1.02239
-0.412078	0.761165
-0.0234156	0.498671
-0.235617	0.183259
-0.364675	0.241771
-0.248055	-0.0652095
-0.23708	-0.0835811
-0.552941	-0.174686
-0.79621	-0.112492
-0.780769	-0.050699
-0.868705	-0.287283
-0.679975	-0.252333
-0.596099	-0.156381
-0.57124	-0.188143
-0.321262	-0.222793
-0.556987	-0.516096
-0.772633	-0.26505
-0.745003	-0.274298
-0.669815	-0.0503812
-0.418621	-0.435415
-0.573526	-0.378839
-0.662682	-0.601845
-0.689388	-0.550732
-0.653867	-0.527649
-0.579072	-0.463551
-0.744557	-0.258013
-0.754863	-0.315679
-0.878851	0.0341402
-0.935488	0.328781
-0.0719875	0.0882281
-0.402014	0.232133
-0.418713	-0.173396
-0.65456	-0.146251
-0.80133	0.0103344
-0.869219	0.172758
-0.835747	0.215945
-0.626517	0.172401
-0.473109	-0.0302436
-0.699289	0.0278396
-0.777171	0.0425731
-0.987531	0.0110117
-1.1502	0.173622
-1.1751	0.160281
-1.27301	0.195912
-1.12447	0.0878716
-1.08176	0.0840427
-1.05483	0.0334544
-0.922843	0.0360883
-0.886332	0.106612
-0.937216	0.241973
-0.706779	0.205044
-0.507915	0.236031
-0.457694	0.386308
-0.576174	0.507611
-0.504803	0.334467
-0.186756	0.169168
-0.303951	0.219403
-0.388742	0.380725
-0.503533	0.279418
-0.815122	0.520357
-1.06358	0.355066
-0.949267	0.21027
-0.529665	0.0469117
-0.0413674	0.275574
-0.317049	0.209263
-0.685074	0.187811
-0.810641	0.249322
-0.854666	0.231455
-0.666768	0.12611
-0.613211	-0.0161432
-0.668427	-0.0643538
-0.765038	-0.104949
-0.658546	-0.214492
-0.733598	-0.165765
-0.754265	-0.083315
-0.814461	0.011077
-0.682847	0.00909126
-0.846858	0.271187
-0.702959	0.349377
-0.757724	0.400918
-0.760557	0.371219
-0.672948	0.324524
-0.689789	0.185406
-0.645895	0.146556
-0.676704	0.291008
-0.628644	0.221701
-0.539032	0.0805982
-0.615569	0.25123
-0.617525	0.362452
-0.682971	0.453306
-0.73825	0.538196
-0.507688	0.414325
0.0486438	0.352668
0.226963	0.501902
0.317535	0.758671
0.303042	0.887261
0.483671	0.685305
0.403159	0.562307
0.18706	0.616383
0.202403	0.496253
0.32453	0.253238
0.259594	-0.0645787
-0.192292	0.123323
-0.24385	0.100118
-0.238333	0.15429
-0.203734	0.252957
0.0446462	0.210891
0.443455	0.2343
0.3673	0.285429
0.0166293	-0.0706405
-0.12145	-0.120955
-0.0213059	-0.286059
0.47747	0.150525
0.058707	0.230573
-0.181491	0.151903
-0.352405	0.136874
-0.350648	0.0445936
-0.326326	0.0483207
-0.168615	0.100166
-0.0557499	0.287295
0.090406	0.176065
-0.12434	0.0555688
-0.134683	-0.254785
-0.680964	0.0228825
-0.632333	-0.00283991
-0.40427	-0.0101789
-0.597525	0.154424
-0.549341	0.195558
-0.356122	0.290509
-0.187718	0.276465
-0.597512	0.104413
-0.536852	0.0667572
-0.650718	0.0470368
-0.697612	-0.00984805
-0.811743	-0.0330555
-0.884819	-0.0816954
-0.866392	-0.157035
-0.961691	-0.072212
-0.842518	-0.228915
-0.823918	-0.212238
-0.908258	-0.0760276
-0.825598	-0.105741
-0.720101	-0.0947342
-0.54439	-0.146526
-0.477641	-0.250803
-0.630317	0.0849071
-0.397554	0.0531105
-0.0869037	0.179184
-0.0408523	0.210985
0.012348	0.471805
0.164811	0.456437
0.140571	0.323565
-0.0464891	0.233955
-0.245927	0.23351
-0.06141	-0.146153
-0.123197	-0.305521
-0.0741924	-0.0872637
-0.0874095	-0.317175
-0.288739	-0.477275
-0.762444	-0.256775
-0.516917	-0.397287
-0.682203	-0.509873
-0.481299	-0.403548
-0.19029	-0.263992
-0.0144673	0.243848
-0.079368	0.245264
-0.228341	0.249775
-0.476956	0.047852
-0.476015	0.261908
0.0940742	0.0807207
0.382497	0.0291542
0.447108	0.36638
0.123404	0.414523
0.0183777	0.414494
-0.157467	0.129088
-0.0760024	0.0660291
-0.318847	0.0328316
-0.577672	-0.190624
-0.463052	-0.202851
-0.546163	-0.296261
-0.520889	0.169123
-0.703007	0.297682
-0.811517	0.288253
-0.827502	0.238879
-0.719105	0.157036
-0.455151	0.146509
-0.375372	0.194372
-0.15637	0.212616
-0.178797	0.104409
-0.172277	-0.0061565
-0.398783	0.0031533
-0.333156	-0.143292
-0.55643	-0.174345
-0.260994	0.0324239
-0.185114	0.391988
-0.250253	0.438126
-0.410295	0.546398
-0.509295	0.507457
-0.638135	0.469891
-0.936236	0.570764
-1.05365	0.699002
-1.14048	0.798111
-1.2737	0.842872
-1.14206	0.921552
-1.11887	0.989173
-1.11251	1.06092
-1.05164	1.04084
-1.0433	1.08324
-0.964191	0.90986
-0.863249	0.623805
-0.747896	0.497613
-0.433488	0.324745
-0.50893	0.584667
-0.411183	0.467077
-0.635148	-0.0176225
-0.859941	-0.406712
-0.760225	-0.501277
-0.843133	-0.37143
-0.723808	-0.399874
-0.754403	-0.48567
-0.720497	-0.255013
-0.878551	-0.135426
-0.868436	-0.314996
-0.931293	-0.346702
-0.816926	-0.466525
-0.902084	-0.281866
-0.726986	0.392393
-0.63792	0.493091
0.0838506	-0.0671018
-0.195081	-0.047719
-0.601828	-0.0842254
-0.79855	0.0233961
-1.02523	-0.00624188
-0.750755	-0.273215
-0.347775	-0.218829
-0.328556	0.100708
-0.396418	0.0340967
-0.260431	0.22124
0.121848	-0.01863
0.13157	-0.18331
-0.355171	-0.348638
-0.233993	-0.533148
-0.389937	-0.374046
-0.243282	-0.518291
-0.704727	-0.391944
-0.516942	-0.236477
-0.410047	-0.128032
-0.0359858	0.620148
0.227177	0.452681
0.101564	0.193059
-0.0328699	0.154862
-0.456445	0.0299752
-0.601004	0.0436551
-0.871222	0.215374
-0.929754	0.261388
-0.846828	0.144092
-0.862779	0.0464865
-0.888077	-0.00872902
-0.767904	-0.198224
-0.844816	-0.171072
-0.808666	-0.111008
-0.767554	0.0113103
-0.527084	0.114502
-0.316224	-0.162745
-0.405222	-0.0547838
-0.595569	-0.186495
-0.722177	-0.277041
-0.580805	-0.310083
-0.389561	-0.326354
-0.460823	-0.035266
-0.783517	-0.100155
-0.512169	-0.485421
-0.561202	-0.32858
-0.464508	-0.345474
-0.359706	-0.0995037
-0.0327961	-0.00763832
0.101293	0.371295
0.55436	0.207669
0.664309	0.365669
0.797805	0.208535
0.557814	0.0693659
0.431406	-0.0278413
0.369855	-0.163643
-0.0215984	-0.330281
-0.476841	-0.3032
-0.605027	-0.143433
-0.680705	-0.0670581
-0.785432	0.0139203
-0.778464	-0.00475746
-0.704373	-0.086446
-0.670515	-0.0375156
-0.565474	-0.207862
-0.62067	-0.178484
-0.547243	-0.0920754
-0.396369	-0.0254339
-0.394532	-0.109517
-0.401343	-0.100166
-0.601017	0.317713
-0.752557	0.378497
-0.753742	0.43797
-0.839013	0.544047
-0.995081	0.716233
-0.941831	0.753202
-0.993242	0.854831
-1.06615	0.649815
-1.0339	0.66636
-0.883957	0.46633
-0.733305	0.355368
-0.2465	0.0670097
-0.139215	0.141485
-0.3118	-0.00389828
-0.444617	-0.181603
-0.482003	-0.239474
-0.379871	-0.500854
-0.0720218	-0.523066
0.0496498	-0.129706
0.0717343	0.24511
-0.10274	0.138757
-0.381654	0.0359167
-0.841689	-0.0398339
-0.86907	-0.255903
-0.82428	-0.352051
-0.733784	-0.456719
-0.838714	-0.255328
-0.879252	-0.419543
-0.573483	0.0639635
0.387247	0.323531
0.525046	0.196473
0.245697	0.252851
0.518772	-0.104474
0.335799	0.133799
-0.0354628	0.577843
-0.416267	0.595877
-0.671894	0.631102
-0.510923	0.415866
-0.43619	0.281487
-0.676304	0.258711
-0.336821	0.201371
-0.482435	0.311421
0.0781726	0.523416
-0.0875245	0.608783
-0.0899318	0.699234
-0.00474373	0.237149
-0.242039	-0.0173718
-0.269968	0.00367772
-0.139685	-0.0311801
-0.0348115	0.0794897
-0.042142	0.100816
0.0935203	-0.0152542
0.0528181	0.114461
0.023521	0.257769
-0.0308632	0.311951
0.0451342	0.372676
0.219194	0.426631
0.391599	0.491317
0.420908	0.603028
0.101809	0.380718
0.0444634	0.0962182
-0.316891	-0.129296
-0.607439	-0.0951066
-0.251417	-0.0599444
-0.73803	-0.000685232
-0.619677	-0.0719304
-0.542224	-0.0332105
-0.303962	-0.0483701
-0.953137	-0.164645
-0.945505	-0.164329
-0.850041	0.158112
-0.859438	0.247691
-0.940157	0.153786
-0.533501	-0.0269136
-0.796363	-0.175613
-0.346597	0.105292
-0.224965	0.854108
-0.0157999	0.565499
0.039507	0.387779
0.283698	0.143536
0.237703	0.0464688
0.20008	0.0974763
0.253796	0.127874
0.00606337	0.350423
-0.0397658	0.380556
0.0266828	0.576252
-0.254077	0.470382
-0.273184	0.593557
-0.341786	0.912229
-0.144575	1.06627
0.0750802	1.12577
-0.0280034	0.817451
-0.00754601	0.864485
-0.161865	0.708178
-0.0844926	0.256176
-0.215998	0.170454
-0.272745	0.125259
-0.381387	0.00741089
-0.371511	-0.00307247
-0.339413	0.000288282
-0.0722317	-0.159192
0.137995	-0.0392811
0.0266323	0.18652
-0.0169883	0.222045
0.141002	0.0149701
0.0955507	-0.190435
0.235224	-0.334662
