7.47952	-12.7524
5.80374	-10.0164
8.38527	-7.559
9.39052	-8.05582
10.7659	-4.7682
5.99693	-8.33812
8.05986	-6.39482
5.57299	-7.42004
6.04668	-9.73315
8.26156	-8.57738
-8.72199	-14.1286
-0.655696	-19.9888
-1.5515	-19.8204
-0.582441	-21.2591
-0.129729	-22.781
0.0281843	-24.3781
-0.193658	-25.1128
-7.45465	-21.129
-7.96895	-21.3421
-7.54952	-23.2484
-10.2071	-21.0784
-11.5809	-18.7313
-11.9653	-18.9883
-16.8673	-11.6586
-17.6657	-14.077
-16.2312	-12.3802
-17.9227	-11.8725
-14.6418	-11.8881
-14.0045	-10.4627
-11.0894	-12.5286
-9.55685	-14.7915
-7.69256	-16.6279
-9.44876	-12.145
-8.15394	-14.652
-10.6211	-12.7591
-8.58483	-12.4706
-2.86791	-18.2026
0.0157445	-19.4126
-0.2541	-20.2864
0.714175	-19.2392
1.73042	-21.5079
1.87523	-23.4681
1.10225	-22.4171
-0.279014	-22.1837
-7.2759	-16.7372
-8.55704	-19.6812
-9.29763	-21.4641
-10.8522	-22.2045
-12.9239	-20.7323
-14.328	-17.5761
-10.1624	-16.0297
-11.1679	-15.8353
-12.2659	-13.9755
-14.2458	-15.9622
-19.3746	-14.3144
-23.0871	-6.45543
-22.0683	-5.81751
-12.1368	-12.6697
-9.08375	-5.78259
0.357862	-10.0597
-8.45171	-4.29997
-10.7208	-12.4008
-6.80649	-10.2491
-0.266385	-10.2245
-2.44425	-7.67039
-4.80825	-3.34828
-7.42192	-0.417675
-8.01587	4.55456
-5.19954	6.73761
-17.4981	-3.18847
-9.23492	-13.136
-4.26421	-12.7797
-2.69776	-12.9828
-0.56079	-14.6854
2.03875	-14.5018
0.639121	-15.2171
-1.20697	-16.5468
-8.43963	-6.00532
-8.28465	-1.61681
-8.02642	-0.57445
-7.11136	-1.80866
-8.27369	-3.64014
-6.31244	-9.21809
-7.35268	-14.9378
-6.71072	-19.5978
-7.86025	-24.3449
-11.3952	-24.2801
-7.90537	-21.6494
-4.84614	-11.2844
-2.74983	-8.87706
1.43311	-13.9891
3.9108	-4.91133
-1.75256	-5.33268
-8.46387	-14.7157
-13.5704	-12.4749
-12.4183	-8.69422
-3.41375	-9.89979
-20.4644	-19.4503
-20.6193	-27.8953
-23.8	-21.4136
-23.9051	-20.7151
-24.0546	-20.6735
-21.5122	-25.7051
-19.1669	-28.1952
-22.2206	-25.6766
-23.2857	-23.7061
-17.5564	-22.478
-14.1121	-21.3579
-6.20619	-19.4757
-5.12155	-9.03772
-0.762631	-2.68899
0.478923	-5.37366
1.82714	-0.846286
-0.588039	-1.76254
-0.89074	-3.99074
-3.55766	-9.35598
-5.31987	-6.14859
-2.47494	-8.29306
4.19874	-7.73171
-1.08211	-5.83313
2.82577	-10.3042
2.99944	-11.2515
6.75103	-12.814
2.61574	-15.5056
2.67567	-13.0833
1.27759	-9.12945
4.39197	-5.02386
-4.68353	-6.11529
-8.59764	-3.16764
-22.6771	1.63079
-18.0321	-3.06963
-20.8682	1.7765
-19.0141	6.49894
-17.5501	6.96315
-16.4398	4.10735
-16.0311	3.72353
-12.3231	-1.45694
-10.1969	-5.8792
-8.7514	-13.1354
-7.81392	-15.8933
-9.04208	-19.5531
-9.82763	-27.1586
-9.8985	-30.3505
-11.7454	-32.8731
-17.0463	-30.1114
-18.0807	-26.1074
-26.7501	-23.5246
-21.995	-29.6455
-22.2057	-26.3155
-19.8584	-21.9819
-14.684	-18.0083
-8.41089	-21.2819
-6.06411	-20.1013
-3.13062	-16.1892
-4.63706	-9.35943
-1.7045	-14.8418
-2.79051	-13.265
5.42945	-11.5846
0.772155	-10.6883
-1.7634	-9.6961
8.52984	-3.92428
11.4007	-9.52232
7.8253	-5.14012
3.55673	-11.8372
7.13928	-5.82252
6.83022	-7.24281
12.9871	-0.626232
6.7028	-0.902437
1.55793	2.52495
4.34409	-4.72373
3.70218	1.40295
5.57119	-0.763043
5.91432	1.65759
4.18307	-2.15804
2.94378	0.613105
5.84117	-1.64696
-0.639923	-2.98393
-2.19753	-5.31942
0.215006	2.87264
-8.45653	-5.8849
-16.0771	-5.96489
-21.9869	-9.69639
-16.9092	-6.03479
-13.0158	-7.79948
-25.0872	-5.4169
-20.2644	-8.97578
-18.1085	-6.37868
-14.3025	-7.43723
-12.1919	-8.45027
-10.1658	-11.5177
-9.78042	-14.2975
-8.2799	-20.3044
-9.85476	-24.6471
-13.0568	-28.9455
-17.9545	-30.7997
-11.0952	-23.4638
-6.4438	-22.5434
-5.73193	-23.9922
-4.47729	-23.7632
-4.8123	-23.6551
-5.31849	-23.2501
-7.50353	-23.3712
-11.0612	-19.9208
-16.5899	-22.1896
-13.4903	-25.9521
-13.4828	-29.2282
-14.0221	-30.1969
-15.0842	-28.6161
-14.7539	-26.0884
-14.411	-22.1119
-9.96724	-17.3261
-8.95817	-14.8749
-8.4352	-13.6533
-8.96519	-13.8351
-8.95855	-12.371
-10.0408	-14.1587
-9.7673	-16.0845
-8.86765	-18.9729
-6.97829	-20.6111
-7.79969	-18.6201
-8.93845	-19.213
-9.71481	-16.5577
-8.47966	-12.3855
-6.3071	-9.85953
-6.20443	-6.73801
-6.13389	-5.19154
-7.90441	-4.62859
-12.87	-4.66692
-12.5378	-6.66911
-15.5992	-8.13153
-14.2417	-11.0545
-13.3722	-12.4182
-9.2972	-10.4642
-3.61102	-9.01087
-4.7356	-8.36635
-0.610073	-11.3824
-1.7848	-11.1039
1.4538	-5.43916
-0.427035	-5.2924
0.0505895	-12.6404
-7.85029	-6.60807
-10.6332	-6.90682
-13.8835	-8.74899
-15.6044	-10.1395
-15.5986	-9.71227
-7.22204	-8.53962
-4.45213	-13.8307
-4.87899	-11.0353
-5.23332	-10.2687
2.73475	-18.1819
1.92185	-18.2932
-3.35218	-16.9145
-2.38271	-19.309
-4.14857	-20.1878
-6.08742	-20.3669
-4.6702	-21.8042
-3.26211	-20.4782
-0.0932435	-23.6647
-0.670423	-21.1415
-0.517033	-20.3158
-6.18796	-12.3312
-7.10995	-15.3493
-8.95115	-15.6907
-5.687	-12.491
-5.12423	-5.89642
-18.6144	2.54325
-14.9519	1.70377
-10.5408	1.06951
-9.71059	-1.20599
2.89196	-1.34144
-2.8834	-10.5696
1.6841	-5.20162
3.2069	-6.31836
-1.39287	-6.20173
4.70287	-2.56088
-1.3958	-2.2336
7.5415	-0.296003
-10.8063	-4.67634
-7.16264	-10.1598
-7.10984	-15.1635
-4.37968	-22.1184
-3.9211	-24.4902
-3.72709	-28.1991
-5.09456	-28.4927
-6.77941	-26.4109
-7.94918	-22.3039
-7.155	-22.5533
-7.73364	-19.7227
-7.41744	-19.503
-6.45944	-19.3474
-7.15384	-17.9345
-8.19518	-17.8248
-7.52138	-16.6396
-8.86375	-13.7166
-8.94619	-14.5339
-15.2411	-14.2201
-17.7707	-10.7995
-20.3929	-7.78809
-22.1122	-9.13423
-25.3628	-13.4146
-20.0799	-17.2058
-15.6136	-20.9322
-10.8341	-17.0137
-3.4166	-13.155
-3.74917	-13.734
-3.35599	-12.9836
-4.30909	-15.2195
-1.06787	-5.11387
-0.106088	-9.58285
1.29164	-10.4658
1.65823	-5.09649
-0.132447	-13.6033
3.74379	-9.28608
1.56752	-6.87037
0.771435	-11.6395
-2.61997	-2.67358
-1.38294	-15.0889
-0.67886	-12.8189
0.881477	-6.53404
2.20337	-8.48486
4.96097	0.308336
1.78425	-2.34371
5.78119	1.62393
0.109353	5.41662
-0.119555	-6.81886
-4.9876	-0.0662704
-2.21596	-6.3738
5.4005	2.1874
2.8371	4.34413
0.942155	1.25914
1.29655	-0.606693
-2.35191	-0.20995
-0.00279877	-4.91602
2.58669	-1.25537
4.13572	1.7412
1.57506	-1.90313
3.57669	-2.2678
4.53214	-0.596515
5.66468	0.115253
4.69407	2.07387
3.89903	1.33088
2.58548	-3.28087
7.35258	-9.22811
5.88569	-8.6859
1.49787	-6.8587
7.85823	-3.22129
-18.9292	-3.52024
-20.7223	-3.09223
-22.1092	-0.236652
-24.7346	1.67388
-19.1791	-0.756807
-8.32187	-3.44662
3.07779	-9.57198
-5.88465	-15.9164
-2.83829	-15.0353
-0.277784	-8.70041
-2.27665	-15.0242
6.84724	-16.076
-5.22328	-20.5314
-10.3756	-24.2605
-16.0914	-21.1691
-19.5767	-17.3356
-15.4869	-17.1154
-8.50043	-19.2154
-9.5093	-13.3065
-11.5092	-16.9011
-14.5549	-13.2777
-15.649	-12.686
-14.3047	-12.8234
-13.3746	-10.1183
-8.9888	-11.8386
-6.79113	-15.1177
-3.38009	-16.5208
-3.67509	-13.1255
-5.2448	-11.3321
-5.74177	-9.17799
-8.11307	-7.87103
-10.0828	-9.16088
-11.2183	-8.05366
-8.32208	-11.3824
-10.0058	-10.3647
-10.0492	-10.7994
-10.91	-8.94236
-10.436	-8.99525
-5.87726	-14.3827
-7.7921	-13.8753
-2.82074	-12.0437
-4.62757	-8.44563
-6.85686	-7.98424
-7.63528	-9.14468
-9.21997	-7.60155
-10.0811	-8.62483
-12.8266	-6.95854
-14.6627	-5.49372
-13.6682	-7.80102
-11.6321	-11.7756
-10.8018	-14.6669
-9.94865	-18.9773
-9.19819	-26.3947
-10.5936	-22.7472
-5.1897	-17.4555
-2.66184	-20.7192
-1.0038	-20.9024
-0.601495	-23.3543
-2.58939	-21.3416
-5.04823	-19.4106
-6.86183	-20.2103
-10.2279	-18.7044
-12.4628	-18.7805
-14.3078	-19.1806
-12.9593	-20.6174
-12.4374	-23.3058
-9.79314	-24.9207
-3.4246	-25.6166
2.67905	-23.4829
3.28081	-26.662
3.13904	-28.1158
2.46437	-26.1769
0.902689	-24.4417
1.48197	-24.2273
-6.15008	-21.4066
-8.36382	-24.6244
-10.9576	-25.4611
-11.9516	-25.2744
-12.476	-25.2478
-12.1069	-25.2438
-11.8809	-26.1297
-9.38233	-24.5245
-9.15891	-23.2123
-8.4286	-23.3009
-3.50664	-25.9783
-3.43827	-28.3704
-3.40878	-29.709
-3.0262	-29.1254
-3.19524	-30.157
-7.14592	-25.913
-12.3292	-19.7195
-12.3419	-23.7935
-11.7394	-25.7648
-9.23067	-29.6552
-6.78785	-25.6892
-5.82545	-24.3585
-1.94004	-25.3008
1.9792	-19.1962
2.54328	-20.543
-1.72198	-15.7637
-2.39007	-11.5143
0.185293	-19.4169
-0.760069	-15.3489
1.73078	-15.8082
1.18159	-8.29848
2.81511	-10.3581
-0.67965	-11.8675
4.02711	-6.84948
-1.44436	-15.6229
-5.11838	-20.3436
-9.81837	-23.4063
-10.3709	-22.8758
-5.65885	-21.7241
-8.29606	-20.5257
-4.70214	-17.8061
-4.90167	-14.3119
-4.93868	-14.2407
-0.205538	-14.9348
-4.18717	-8.35442
-11.0807	1.86558
-15.4978	4.85606
-15.8242	-2.87597
-14.855	-6.26978
-11.4287	1.00553
-7.94159	-1.2009
-10.9948	-2.96662
-9.41337	-13.9331
-1.13133	-10.6949
-11.0513	-21.9271
-14.9843	-21.0651
-16.1385	-21.6731
-11.5009	-26.8769
-12.5562	-28.3311
-9.67313	-28.4049
-7.50933	-22.5373
-4.02726	-21.1894
10.832	-24.7051
1.37964	-28.2315
-3.51811	-19.0121
-5.82593	-16.1633
-1.30316	-24.0685
0.283829	-15.9341
-5.18229	-13.6255
-9.10679	-12.1407
-11.1792	-18.162
-13.8018	-23.3463
-11.5001	-26.8208
-10.984	-32.7029
-13.1795	-29.3798
-16.1983	-24.3501
-15.0338	-29.9922
-5.90273	-24.1186
-2.81814	-19.756
-3.47862	-14.5998
-6.22582	-6.42649
-14.4641	-12.835
-20.7225	-3.03894
-12.0926	-3.26255
-13.4534	-2.7824
-8.14529	-4.55544
-10.9149	-5.37582
-7.7887	-9.19467
-8.40284	-11.1334
-9.49479	-5.06824
-0.0709196	-9.61978
-12.4796	-16.7247
-16.2143	-9.49745
-15.665	-6.90213
-15.8536	-3.67299
-15.4793	-2.71526
-14.1953	-2.57769
-15.8376	-0.634534
-16.7497	1.58764
-16.5136	2.93984
-15.5678	-2.59904
-15.1363	-7.13169
-12.0974	-13.2105
-8.40601	-14.8021
-3.56794	-13.801
-4.20721	-14.7286
-5.05079	-14.4147
-4.43965	-15.3985
-6.81143	-15.6735
-7.01575	-16.2145
-3.21425	-21.0106
1.4883	-18.1833
2.33373	-12.3354
3.67835	-6.87074
6.02098	-7.83479
8.46758	-4.69594
0.474166	-9.04009
2.04971	-6.63894
3.94478	-4.28996
2.02676	-5.48776
1.01714	-11.0364
5.39856	-12.4241
5.11915	-10.2526
5.38123	-2.80294
6.88166	-2.74561
3.97748	-1.84468
7.1313	-1.04597
7.9927	-4.57194
11.4053	-5.76467
7.54256	-8.75416
7.16682	-11.2649
8.68745	-10.4228
9.42893	-1.53257
7.7493	-0.672708
2.10227	-17.2867
-2.15358	-22.3107
-2.74121	-22.0942
-2.08293	-25.9422
-3.81235	-23.6727
-4.66206	-21.4576
-5.28985	-22.6886
-6.58684	-20.1735
-11.2725	-22.3056
-13.1432	-25.8668
-15.9757	-27.3064
-18.5725	-27.8416
-14.4079	-31.7727
-15.1918	-33.6471
-14.8863	-30.788
-14.3606	-29.5442
-14.5802	-28.6502
-10.5014	-26.6094
-8.8353	-24.2931
-9.06038	-23.319
-7.84804	-20.072
-6.45579	-21.5873
-6.7253	-18.2553
-6.35078	-19.0161
-6.03416	-11.4806
-6.77762	-16.647
-6.4342	-19.8471
-6.97675	-20.5753
-4.61178	-22.3204
-6.82156	-18.3627
-7.72619	-18.2887
-12.4176	-12.495
-19.4575	-6.9947
-18.7198	-8.0712
-16.111	-9.37878
-14.1298	-12.2921
-14.2169	-16.796
-12.7701	-17.4014
-8.25739	-23.9509
-3.18525	-21.9934
-4.19729	-19.8113
-6.15671	-14.0541
-3.62251	-16.8006
-1.55744	-20.5186
-1.52478	-19.9153
0.608195	-22.2586
1.33383	-22.5537
-1.44525	-23.1017
-4.60743	-21.6314
-3.02318	-22.6957
-4.89507	-23.6598
-4.4087	-24.204
-4.97685	-23.7286
-5.28021	-23.804
-5.70523	-23.4436
-3.75154	-24.6859
-5.48042	-19.8369
-12.1784	-16.1918
-7.35667	-18.7103
-4.1843	-6.08637
-8.74239	2.60741
-15.306	3.16838
-17.9093	0.0212964
-16.7387	-1.39417
-16.1986	8.2319
-14.093	-1.24793
-19.3579	0.815505
-12.5185	6.19084
-10.3718	-1.08618
-3.80351	-1.63648
-5.0973	-4.31755
-4.98268	-3.66483
-0.835967	0.333089
-0.0848046	-0.604109
-0.0525288	-5.52393
-1.17281	-7.14128
-0.120709	-3.33879
2.25069	1.76328
0.983254	-1.68691
4.50569	6.79001
5.92589	-1.00345
1.94023	-12.4339
7.56003	-2.40226
5.72969	-7.42028
-7.0045	-17.0378
9.94809	-2.40494
8.99405	-3.7009
7.27984	-0.998636
7.86823	-3.98545
6.03544	-4.2281
8.52526	0.0302471
6.26365	-0.956297
-12.9976	-9.14764
-12.1448	-11.2168
-15.9027	-9.13757
-15.701	-8.89069
-15.651	-8.78427
-16.4506	-9.14554
-14.408	-9.51598
-14.5055	-12.0276
-15.0219	-12.8715
-13.7693	-14.9919
-13.1656	-10.3432
-7.53683	-12.6349
0.489999	-8.79532
0.472629	-4.42523
-0.759406	-9.79783
-3.02799	-6.75842
-2.49826	-14.8348
-8.73036	-24.9972
-9.79818	-29.8478
-9.25493	-30.9482
-11.8825	-31.0901
-13.6851	-31.8762
-13.6788	-32.2795
-15.1626	-32.6056
-13.0107	-27.7837
-10.7806	-24.742
-9.15796	-21.9539
-9.31987	-21.3442
-9.72152	-19.7983
-9.15439	-20.0023
-8.39668	-21.0124
-6.39544	-23.7024
-3.38531	-24.5621
-1.71471	-20.9035
-4.99648	-16.4386
0.655113	-16.0029
-0.339021	-14.1847
-5.35719	-19.3467
-4.90668	-16.0043
-10.5341	-23.4589
-10.9863	-32.2139
-9.85418	-34.1039
-9.81515	-33.353
-8.8947	-32.4984
-8.07796	-33.4366
-6.10134	-32.9295
-2.13525	-27.1587
-4.10971	-22.0341
-2.48541	-21.8668
-3.37361	-16.1626
-4.37886	-17.6309
-9.46548	-11.7131
-10.0565	-6.06889
-9.27013	-17.6821
-11.552	-17.8223
-12.2543	-15.9584
-12.2881	-14.8686
-11.8761	-15.3582
-7.51874	-17.6625
-3.43707	-16.5587
0.126146	-13.5708
-0.886104	-18.0892
-2.12819	-18.5691
-6.29178	-18.9405
-8.10649	-15.867
-9.58532	-10.8815
-9.92058	-8.38384
-6.65084	-8.12916
-5.3085	-8.47417
-3.93535	-7.77678
-2.45249	-9.39185
-0.972006	-13.5671
-3.16865	-13.2233
-4.6976	-17.4785
-6.06465	-19.0082
-7.10649	-19.511
-10.4158	-17.6688
-9.72738	-18.4882
-9.86474	-18.7265
-9.98013	-18.0487
-9.02899	-19.514
-11.0039	-13.5165
-4.96306	-17.1248
-3.32892	-20.1215
-6.97908	-23.7301
-9.37787	-26.898
-5.46847	-27.1478
-7.07415	-25.4034
-5.08267	-19.9228
-4.38313	-20.005
-8.41832	-16.4743
-13.6734	-11.6038
-12.508	-17.6389
-11.214	-22.0233
-10.688	-24.9166
-9.98769	-22.7369
-9.21542	-21.1263
-8.49771	-19.107
-6.14665	-24.5273
-6.3106	-24.6449
-8.65383	-22.1735
-12.8253	-19.358
-9.4336	-18.1276
-12.0976	-15.7301
-8.90814	-17.8623
-7.2686	-18.1591
-8.33594	-13.2769
-7.34697	-11.5781
-7.85415	-9.95566
-5.0586	-13.2034
-5.92421	-13.4299
-0.116298	-17.4351
1.88971	-22.5619
1.90022	-23.2183
2.04409	-24.36
2.19654	-24.3203
1.46904	-25.8796
-4.73153	-21.0729
-7.66919	-18.1156
-7.87435	-18.7553
-7.19341	-19.5045
-4.98172	-20.1436
0.869218	-24.9042
1.53856	-25.0796
0.520904	-24.8233
2.87581	-27.0315
2.06862	-26.0974
-2.07245	-23.2201
-10.1458	-15.2595
0.155705	-14.1865
0.927004	-17.4675
2.30892	-14.193
1.19983	-16.203
-1.49273	-10.7802
0.18311	-11.458
-8.14596	-10.0411
-11.5608	-8.72106
-15.4989	-6.94674
-13.865	-7.49325
-11.6724	-7.14387
-11.1174	-7.7688
-11.4041	-8.05236
-8.49708	-10.3475
-8.4907	-11.8739
-6.66916	-13.3406
-6.36285	-15.0331
-9.83767	-15.7767
-12.1153	-16.0725
-4.99149	-12.2788
-9.11918	-11.2809
-9.76057	-13.3666
-8.91608	-9.86476
-4.59824	-13.178
-1.78824	-15.7115
2.25284	-16.417
-0.23018	-12.7011
-0.552456	-12.0649
-1.05339	-12.015
-1.21982	-12.4159
0.726552	-14.9752
-4.31919	-16.4712
-9.67975	-16.7824
-13.1542	-11.7685
-13.3174	-10.8815
-13.3788	-8.6441
-14.1825	-8.26801
-14.468	-7.67945
-13.0348	-9.04722
-11.0036	-10.6012
-12.4549	-9.82922
-8.84738	-12.8708
-9.36788	-12.2547
-5.68322	-15.4059
-6.19	-15.215
-5.45361	-17.3636
-6.45173	-16.4355
-6.64815	-15.9992
-8.29431	-13.803
-8.02931	-12.1518
-8.00054	-11.8298
-7.132	-11.8608
-5.56725	-13.527
-3.17837	-15.6323
-6.47519	-15.5784
-12.101	-9.9684
-11.6977	-15.1868
-12.1936	-14.6467
-10.7711	-18.73
-14.1933	-14.2186
-15.7939	-12.1902
-13.6636	-18.1714
-14.4815	-20.8583
-11.5618	-23.1622
-8.62439	-24.8533
-5.29593	-21.3641
-2.52655	-16.3524
-3.69294	-13.2975
-8.26962	-7.45941
-6.62119	-5.45803
-0.607877	-7.85519
-1.90075	-9.76788
1.72169	-12.9117
6.41477	-9.33177
2.87709	-9.61834
-1.36177	-5.78685
3.15152	-5.3376
0.384406	-9.21385
-3.65276	-7.18363
-1.11289	-8.98333
2.67883	-4.6981
3.89508	-5.94989
5.80413	-6.65367
5.39126	-14.6186
3.63955	-11.9591
-18.0234	-22.2757
-12.9008	-33.8539
-9.86195	-36.0661
-6.62754	-36.7061
-3.64053	-31.0344
-5.77981	-14.5755
-5.35793	-10.2942
-5.84186	-9.81977
-4.45875	-11.9319
-8.31621	-8.98312
-9.85803	-8.59009
-12.7763	-6.7053
-15.0075	-7.23144
-13.8684	-6.33832
-14.9675	-8.28943
-12.8707	-9.84573
-5.93044	-16.5928
-3.54787	-15.5167
3.03783	-15.1409
-0.763728	-7.29871
-1.83689	-13.4994
-0.529809	-16.9761
-4.75125	-13.6417
-5.07548	-16.1445
-7.61105	-19.7384
-5.26209	-24.276
-7.93191	-21.9344
-12.4771	-22.3745
-12.7015	-13.5609
-16.3897	-16.174
-16.8376	-16.8927
-15.9647	-18.1017
-8.79178	-21.5816
-7.96387	-27.5142
-8.25703	-30.2824
-8.23563	-28.5513
-8.1574	-24.0562
-8.28827	-24.1687
-5.66261	-23.4139
-3.35637	-21.5004
-3.26535	-19.4288
-2.44283	-20.5275
-3.67701	-20.7151
-2.57669	-20.7057
-1.79333	-20.4864
-9.27097	-10.9798
-12.1995	-7.66121
-13.6877	-15.9464
-3.24599	-20.0529
-8.49697	-6.6127
-11.1478	1.39246
-19.6964	1.88125
-18.5108	-4.70789
-16.1962	-0.839123
-13.2593	0.41604
-15.2931	2.11784
-10.5538	-9.3682
-4.42819	2.30171
-8.99566	7.48445
-11.1748	0.915729
-4.08491	-1.4908
-3.42823	-4.05037
-0.262689	-0.467194
3.32884	0.358155
6.15719	-3.41016
3.94382	-1.86396
5.88218	-2.97289
5.97141	-12.9011
4.5891	-5.36506
6.88004	-6.97906
12.5037	0.393889
10.6794	-5.92509
6.79963	-3.64807
7.89962	-2.71255
3.68922	-7.18311
7.67367	-3.43555
12.0948	-0.534576
5.68545	-7.11621
3.5164	-8.97235
9.74294	1.02418
10.4786	-7.6237
8.1103	-10.5529
7.49507	-2.30021
-9.25003	-8.12985
-22.3865	-14.8159
-26.3908	-13.6976
-25.3454	-17.0489
-20.986	-16.4241
-11.8597	-14.7486
-7.21369	-14.2887
-4.61196	-18.5127
-2.50647	-19.3155
-0.926869	-22.0812
-1.86085	-23.3587
-2.42783	-23.9739
-3.41299	-25.6974
-3.71116	-24.1305
-9.08673	-19.9778
-1.37467	-25.854
-5.17776	-34.6975
-9.03361	-29.163
-9.72361	-31.2707
-8.78379	-28.0511
-3.15251	-23.1474
-2.04335	-13.3488
-1.28702	-7.98573
-8.72136	-9.1825
-8.83598	-17.1876
-7.62165	-13.0503
-1.42917	-14.6262
-10.6871	-13.2846
-8.63095	-16.5212
-6.29762	-7.85487
-8.00524	-14.2978
-8.8815	-18.4731
-8.63988	-24.6115
-8.08695	-26.3501
-8.91848	-25.951
-9.09465	-26.1762
-8.03045	-24.0461
-7.75133	-21.3775
-7.94675	-17.7363
-12.7934	-9.55503
-10.0157	-20.9361
-0.405336	-20.0677
-0.598501	-21.2165
-5.56549	-20.2361
-5.12812	-24.9853
-4.74203	-20.9138
-5.25074	-22.4022
-7.61096	-19.3895
-0.499843	-22.9136
-6.52817	-19.1162
-8.08705	-18.2824
-1.93222	-18.2276
-6.81064	-11.1042
-13.9689	-13.282
-16.2132	-5.5609
-14.7958	-8.78497
-11.6299	-10.3099
-11.8371	-11.4276
-9.45272	-14.9261
-8.64526	-17.379
-7.08544	-21.0279
-9.34361	-25.6112
-11.8495	-30.8366
-12.1519	-33.8592
-12.8723	-34.2828
-11.2373	-35.1388
-7.59782	-36.5374
-6.50958	-29.2509
-1.4198	-22.5092
3.28969	-15.5923
0.845449	-17.3125
-1.76624	-18.7338
1.89106	-13.3866
-1.65336	-11.4125
-11.1259	-13.6701
-12.5581	-17.4018
-9.51041	-21.1931
-8.9599	-23.3593
-6.06397	-22.5462
-7.64142	-19.4615
-8.88799	-17.39
-11.2051	-15.0226
-10.895	-14.7561
-9.63889	-17.7514
-8.12027	-19.2098
-6.62585	-16.8435
-4.95495	-19.0324
-5.19195	-18.8255
-5.98997	-18.2693
-7.72103	-16.8081
-8.22229	-17.5188
-9.21475	-17.0692
-11.4749	-14.976
-10.3841	-17.6371
-10.2361	-18.9819
-12.9485	-20.4777
-16.7755	-9.9357
-13.3455	-9.57039
-13.2348	-6.27132
-12.6975	-6.04047
-11.8162	-6.55693
-7.60266	-16.8175
-12.017	-12.1502
-13.3956	-7.40117
-12.4502	-8.32561
-10.7133	-5.89236
-10.0468	-5.41724
-9.74058	-4.55608
-10.0265	-5.10001
-13.6906	-1.98668
-13.2029	-4.28444
-8.29483	-9.82851
-5.87891	-9.03403
-1.96639	-7.44162
-1.97955	-6.07361
0.116458	-3.62224
-1.47643	1.34105
6.17569	-9.00896
9.63317	-5.90554
2.00943	-4.518
7.54452	1.25373
8.47224	-5.15261
6.32837	-6.3485
9.80678	-7.96595
7.5535	-2.21938
7.66215	-5.16222
9.38804	-8.11423
-1.88229	-8.91114
-1.7729	-6.37977
-17.298	-6.24087
-12.9309	-13.6593
-12.2643	-14.5654
-10.3531	-14.0098
-6.61199	-18.7763
-3.77567	-18.0242
4.68507	-11.5486
-0.379301	-12.498
-1.91047	-18.5912
-1.85183	-13.4779
-6.98548	-14.0208
-6.46062	-15.3177
-12.7938	-8.03632
-15.9476	-5.6021
-15.111	1.59028
-10.8978	0.713652
-11.7237	-1.2199
-8.38652	-3.62253
-14.6062	-13.2143
-11.6725	-21.713
-8.54169	-17.1494
-9.70359	-15.0099
-11.1593	-13.839
-9.98734	-13.4916
-10.0534	-13.3322
-9.51938	-13.4173
-9.18108	-13.257
-9.07677	-13.4879
-9.46983	-14.1009
-8.22843	-15.9067
-8.41048	-15.5388
-9.80757	-13.6154
-11.4547	-10.7012
-12.4626	-12.0171
-13.932	-10.0631
-18.8399	-12.3399
-22.1638	-11.7809
-23.76	-14.268
-25.1224	-10.8183
-23.8354	-10.4504
-22.7783	-6.16284
-13.5056	-11.2412
-6.12252	-17.9703
-6.19867	-9.14993
-6.64423	-9.96812
-12.2393	-13.522
-21.4619	-10.3352
-11.3722	-19.1929
-5.31996	-17.0834
-2.06685	-16.782
-1.1468	-17.9851
-0.513798	-18.8095
0.558781	-19.2885
1.20954	-19.6984
1.08026	-20.291
-6.2966	-20.1121
-6.18571	-17.4241
-6.4372	-17.6705
-6.06054	-18.872
-6.7602	-18.8364
-5.69397	-21.126
-4.18056	-20.431
2.22584	-24.0835
4.07262	-25.658
3.74994	-23.7593
3.87307	-24.4697
4.44778	-26.742
2.48325	-24.3323
2.49961	-24.6506
3.05729	-26.6354
1.04726	-25.075
-9.05682	-23.8968
-12.0494	-23.8668
-9.58985	-22.6563
-9.11181	-24.1116
-8.43151	-24.2619
-17.1025	-12.8108
-18.5403	-16.5951
-17.0935	-17.9254
-17.5157	-11.4896
-11.9366	-16.221
-3.51407	-19.5995
-8.667	-22.3663
-10.2912	-14.8106
-9.84257	-10.9725
-11.4827	-10.5208
-13.184	-9.14681
-12.7869	-7.5412
-9.32421	-11.3747
-8.11982	-13.0109
-11.2765	-11.8742
-10.5412	-9.20411
-10.1164	-7.06084
-8.86674	-12.5375
-10.7968	-12.2683
-12.0934	-13.0223
-15.7831	-13.9381
-16.019	-12.9173
-18.2728	-10.6381
-16.0577	-10.9358
-16.4187	-11.2129
-13.7215	-11.3086
-12.8686	-10.9643
-9.05244	-11.8134
-6.2418	-17.6012
-5.65788	-19.8674
-0.893187	-22.8783
-0.344916	-22.313
1.51749	-22.2066
1.62915	-22.0199
1.28641	-20.6494
-0.586297	-17.9617
-5.5908	-14.287
-10.2986	-14.3015
-10.9692	-19.7656
-10.3209	-23.4026
-7.91938	-24.0924
-5.05546	-22.289
-5.70807	-16.0609
-5.93693	-12.3873
-8.02168	-10.3201
-9.56417	-7.32212
-9.18693	-9.34519
-9.1023	-9.0391
-7.60774	-10.1283
-10.0445	-4.42163
-15.5529	-1.63881
-12.4963	-13.3746
2.25048	-9.09186
-0.158355	-4.51729
-3.39248	-10.9502
-12.1337	-2.93631
-15.1708	-6.50388
-14.7675	-10.9015
-7.78107	-7.69528
-8.71748	-6.09894
-12.6857	-8.98791
-7.59841	-10.8363
-9.84951	-11.6561
-12.1787	-0.796446
-9.45686	-7.09435
-5.73616	-3.61773
0.323893	-8.60317
-9.85537	-4.1271
-4.08595	-8.74448
-2.15586	-5.38338
1.7934	-4.62352
1.70011	-2.90969
-0.272209	-7.88303
0.352423	-5.44779
4.32856	-7.02362
2.9129	-3.55654
7.13639	-3.00365
7.39991	0.228378
5.82264	-1.84183
5.35701	-4.98536
4.96508	-4.4845
6.44079	-5.72619
6.98254	1.78204
5.04442	-2.33189
7.77345	-5.44305
10.491	-0.352198
3.90684	-5.18404
7.78404	-5.29363
7.5727	-5.75931
10.7343	-4.63305
5.27206	-12.9102
-1.81975	-17.6817
-9.3132	-21.8058
-9.37363	-23.1812
-10.1471	-21.9137
-11.3458	-20.226
-10.5044	-21.0654
-10.7787	-19.6358
-17.2425	-17.8025
-11.2088	-26.2852
-7.61311	-15.4365
-8.75043	-6.59071
-11.1658	-5.07849
-18.6889	-4.59619
-18.8498	-1.31051
-17.8111	-4.91391
-18.208	-8.40202
-17.7892	-5.11298
-15.0111	-11.8576
-15.9586	-11.8039
-10.2889	-10.2691
-15.9199	-21.6068
-15.0821	-19.7634
-11.3098	-20.9307
-8.27999	-19.2319
-10.5897	-15.8123
-11.0692	-13.4076
-10.485	-11.9545
-12.4185	-9.91544
-13.894	-9.23737
-13.7446	-8.22605
-13.7562	-8.21036
-12.6471	-10.0385
-10.0423	-13.9433
-10.8896	-15.5997
-9.62418	-22.6261
-13.6554	-27.4367
-13.4151	-32.4077
-16.9237	-30.7727
-17.7852	-20.7259
-16.8247	-15.1128
-13.5686	-21.4272
-14.3158	-22.0462
-16.0502	-19.6307
-15.0073	-22.1577
-15.3929	-21.7096
-14.4712	-28.138
-14.3257	-28.1454
-10.7582	-24.4956
-10.9539	-21.8799
-7.81698	-16.1307
-6.56425	-12.6533
-8.24239	-11.9025
-9.49356	-11.1484
-0.497424	-15.0178
-2.34645	-14.3693
-1.9372	-13.9567
0.165389	-8.56642
-4.42967	-10.9657
-5.23908	-5.74722
-6.72538	-5.90244
-7.08281	-10.3555
-8.10727	-7.94605
-13.4718	-1.34762
-6.24175	-16.3307
-2.761	-15.6387
-8.79792	-1.12311
-11.4485	0.62579
-8.40519	-3.77731
-3.71374	-1.99046
-6.54931	-5.23558
-7.20643	-12.0285
-12.7892	-14.4703
-16.14	-7.73347
-11.251	-6.82888
-7.10865	-11.1356
-6.72521	-12.7408
-6.61909	-15.6159
-8.01098	-16.892
-6.56067	-8.72602
-4.75484	-9.6722
-7.8777	-8.27391
-7.33918	-14.4427
-12.6157	-8.7257
-7.13347	-7.73335
-11.2277	-12.2068
-16.8574	-10.2824
-15.2815	-9.84088
-11.0852	-13.8833
-8.23116	-15.1336
-5.52565	-20.6371
-4.01425	-21.7122
-3.04286	-20.8849
-1.95873	-23.1546
-3.18337	-23.3559
-3.46385	-22.4609
-4.12023	-14.0827
-3.54314	-12.8822
-2.23242	-15.7538
-1.56031	-19.9942
-4.0478	-21.0668
-6.88583	-23.6749
-6.58266	-24.2851
-2.74601	-18.5482
-1.87757	-20.0035
-1.0393	-20.8395
-0.937086	-20.4065
-5.18869	-20.2773
-10.6695	-19.4876
-10.2349	-17.4679
-11.268	-16.3483
-14.9998	-13.4415
-16.4942	-12.7302
-11.712	-16.9975
-2.6793	-16.0571
-0.602179	-18.8896
-0.326517	-20.1222
-2.09911	-18.4146
-1.13586	-18.9074
-2.53225	-18.5843
-6.5746	-20.5628
-16.467	-16.5663
-18.1373	-16.0492
-20.1292	-13.3496
-21.968	-13.5152
-21.9137	-14.4102
-24.118	-15.6687
-20.8631	-17.2395
-20.3487	-20.1162
-13.4296	-20.6153
-5.92286	-22.857
1.06664	-15.6723
1.25575	-13.3527
0.156293	-17.2697
-2.57082	-20.7445
-1.02234	-11.3924
-3.29743	-7.47685
-3.25904	-6.36473
-3.93209	0.639925
-7.77832	-1.21966
-8.54756	-4.29511
-5.83257	-3.51269
-6.68209	-10.1046
-12.1265	-6.33421
-15.577	-7.5568
-10.3781	-9.53881
-10.3632	-5.5463
9.31947	-5.95605
8.16191	-10.74
-9.32904	-18.328
-27.3354	-14.0028
-22.0747	-14.9646
-19.2992	-17.9304
-14.9019	-20.2635
-8.3257	-13.4481
-4.15552	-12.5845
-3.9572	-13.4001
-2.87197	-12.5467
-5.59345	-7.05152
-4.84023	-9.58813
0.343622	-15.0356
0.0738115	-12.6084
2.26335	-10.6091
-3.98472	-15.1681
-10.0914	-8.63205
-13.0534	-5.23662
-10.4799	-1.38934
-9.45495	-2.89132
-11.8997	0.613633
-9.99533	-4.57522
-13.4025	-3.46758
-13.9294	-9.27553
-6.0327	-11.7455
-4.60523	-17.1909
-9.70855	-21.9766
-8.55941	-23.4085
-15.0824	-20.3471
-7.69224	-26.5124
-6.34682	-27.9313
-9.58743	-25.2111
-11.0771	-25.89
-12.2554	-25.535
-10.3477	-26.9224
-8.874	-27.6229
-2.51777	-26.5788
-1.74632	-21.4192
-3.56799	-20.2777
-2.03068	-18.5665
0.521684	-13.1951
-3.55692	-15.4426
-5.36986	-11.8398
-2.09864	-9.68735
-1.44478	-20.5537
-3.37108	-14.4813
0.323061	-9.1053
-0.649148	-9.36979
-4.83193	-17.3478
-11.2458	-17.8681
-13.2287	-20.5513
-13.4999	-28.2663
-12.8505	-32.0525
-17.7832	-23.7978
-23.3311	-20.755
-18.6668	-17.336
-11.6163	-19.8201
-6.95922	-20.6911
-3.60826	-20.2178
-4.55268	-21.18
-4.6878	-22.5044
-11.9726	-17.6443
-9.8822	-11.0826
-7.55735	-3.43572
2.74388	3.66339
0.341986	-0.845637
-6.28652	-7.21153
-8.82158	-13.8109
-8.11474	-16.7844
-6.30475	-19.3121
-8.52386	-15.5339
-12.7178	-11.4828
-15.4463	-10.6904
-19.037	-8.99767
-22.3584	-7.11578
-21.9921	-7.83732
-22.168	-10.4204
-24.5315	-9.78524
-24.9962	-6.41379
-22.0691	-2.69654
-17.686	-1.16485
-13.6202	-1.252
-10.243	-6.24021
-7.08835	-9.81913
-5.90292	-12.6429
-6.45774	-12.576
-7.02828	-11.5911
-16.5575	-6.26049
-16.0283	-11.3195
-17.5494	-12.8773
-14.1811	-15.4197
-9.25662	-25.8
-8.82298	-21.5819
-9.62953	-19.4599
-8.01821	-20.7358
-6.19852	-24.7379
-7.93148	-27.0557
-9.65098	-29.0467
-9.48608	-30.6689
-10.9628	-32.2706
-12.5945	-31.9468
-12.3944	-31.2591
-10.856	-28.6729
-10.1654	-28.8627
-10.9981	-28.522
-10.6896	-28.9099
-10.5371	-28.1684
-12.4315	-19.3047
-11.323	-14.7119
-15.8657	-13.3525
-12.3277	-9.18026
-15.6685	-12.0348
-13.1936	-9.6293
-6.71955	-10.8673
-5.40482	-11.1555
1.15649	-18.5879
-3.35301	-15.7498
-9.02953	-17.0161
-7.78409	-17.3435
-9.57075	-14.838
-7.61823	-11.1589
-7.67584	-9.86322
-7.38006	-9.02483
-7.10437	-11.0444
-8.66183	-13.0192
-6.78203	-17.7676
-6.00123	-20.1056
-1.50768	-25.555
2.08797	-33.6874
2.57088	-37.0224
-0.290471	-37.3655
-2.45623	-38.4901
-5.70472	-35.6247
-6.87733	-37.8796
-10.3679	-35.7711
-9.90736	-37.2101
-8.49499	-37.2121
-8.28539	-33.6845
-7.90617	-29.8155
-7.7259	-26.2602
-8.20298	-22.7643
-12.5887	-19.585
-15.9602	-18.5736
-16.8863	-18.3778
-16.4669	-18.3296
-17.1068	-21.352
-13.1294	-23.4242
-17.6843	-22.0619
-16.0955	-30.334
-19.4908	-28.4462
-17.9491	-31.0647
-19.1916	-33.3614
-21.8442	-28.8438
-16.8781	-28.5077
-19.1495	-28.5631
-16.5183	-30.0106
-11.9936	-34.4028
-2.74494	-33.7904
-0.385952	-19.8824
-2.44949	-14.9565
-3.32407	-14.5058
-6.47291	-13.4619
-7.26655	-14.5999
-6.1929	-13.4222
-4.6587	-14.3434
-4.42622	-17.5058
-3.7748	-20.4541
-11.2125	-12.0531
-14.0787	-20.511
-8.70929	-21.4611
-5.20782	-19.0247
-10.2404	-13.8039
-5.86795	-6.07516
-10.081	-6.36112
-16.2631	-5.44341
-14.2095	-3.93692
-11.6605	-8.07441
-14.3838	-4.20239
-15.2265	-4.92628
-15.7726	-10.656
-19.2669	-9.51613
-19.9022	-13.873
-14.0855	-12.6948
-16.413	-21.8229
-19.3161	-15.0676
-19.9729	-16.8608
-18.8766	-19.5344
-14.9182	-20.5386
-13.156	-21.9946
-10.4265	-24.4879
-9.76118	-25.4756
-9.72903	-26.9393
-9.4666	-27.0314
-10.0956	-26.5993
-13.8318	-25.019
-14.9424	-22.8055
-21.5043	-20.0367
-21.3718	-21.0696
-21.0192	-22.9761
-22.5978	-15.429
-21.9198	-13.4143
-17.1562	-17.8375
-15.0803	-16.628
-9.43068	-13.6304
-5.43946	-5.11182
-0.257578	-6.66081
1.37195	-5.83317
-3.26999	-4.65423
-1.62105	-12.2386
1.90066	-6.40626
2.27932	-8.47959
8.735	-3.46848
2.80445	-7.09494
3.07969	-3.80585
2.96786	-4.57066
5.65339	-5.38077
8.06735	-4.98788
12.2861	-0.420551
5.4623	-4.71504
11.6731	-4.51852
7.85248	-2.91799
4.00582	-4.09311
6.83799	-4.5665
6.87817	-2.17342
-8.86714	-9.90501
-13.7775	-15.2579
-12.9362	-13.4483
-15.6302	-11.3928
-16.2685	-8.68786
-17.4126	-8.65817
-17.0595	-8.53552
-16.0576	-10.2841
-15.3593	-12.2116
-12.9115	-5.95291
-11.8419	-9.10346
-3.14863	-11.728
-5.23136	-13.9672
-7.66965	-15.3743
-3.87572	-10.2991
-11.831	-22.9859
-8.11675	-26.7506
-10.535	-27.8138
-12.6728	-29.9251
-14.2124	-30.3401
-14.8247	-31.6306
-15.3333	-31.3154
-14.4973	-27.7603
-11.5886	-24.0353
-12.1454	-22.3151
-9.86328	-22.164
-9.5275	-23.0411
-10.3873	-20.6518
-9.60781	-20.7724
-14.2365	-13.715
-16.5782	-13.2236
-18.0769	-15.5003
-15.9318	-23.0544
-14.8292	-25.5692
-6.563	-20.7852
-2.37786	-14.5056
-11.4649	-12.6414
-12.2108	-6.62704
-16.2961	-6.45513
-15.2095	-3.87719
-14.6137	-12.2808
-17.366	-8.44675
-17.6828	-11.9329
-12.0611	-7.04889
-12.3623	-13.0264
-14.2676	-12.5903
-18.1933	-13.553
-8.29123	-21.5079
-12.9811	-21.3645
-14.3014	-15.6764
-13.7846	-14.5171
-11.2782	-13.2463
-9.18641	-14.6212
-10.312	-12.8115
-10.7991	-9.78446
-12.1375	-8.23969
-12.3292	-7.8737
-14.3744	-7.17796
-13.5098	-8.76214
-14.988	-6.49108
-14.4955	-5.96705
-14.337	-7.23071
-15.0734	-8.69485
-14.9817	-12.0587
-15.2628	-12.9186
-14.9612	-18.2264
-15.7674	-22.1411
-16.1812	-26.7906
-16.8956	-28.3532
-16.9071	-30.4813
-15.9998	-27.5996
-16.101	-23.1041
-17.2265	-23.7557
-12.6847	-22.2253
-8.91885	-23.8461
-13.9588	-22.1079
-7.127	-28.3325
-4.87449	-29.5809
-3.79355	-29.8929
-2.09688	-33.8994
0.0535923	-35.2969
0.173387	-34.6565
0.323438	-31.1889
-1.07367	-32.8863
-0.422541	-33.7975
-0.436893	-35.0475
-3.06157	-32.9479
-1.73217	-35.7926
-1.45361	-38.3317
-3.98802	-38.7464
-6.65083	-36.1508
-9.80801	-33.2506
-8.67005	-30.4343
-7.1262	-32.2039
-6.97146	-32.4331
-6.58454	-33.7265
-10.0886	-30.9479
-7.97602	-30.7808
-9.838	-27.8824
-9.16298	-31.2438
-7.90152	-29.3054
-9.24876	-23.0217
-9.70075	-20.5469
-11.1155	-18.3356
-9.25852	-21.5174
-9.58364	-26.7243
-11.0193	-21.3197
-9.64043	-18.786
-7.36594	-17.5701
-7.22676	-15.9621
-5.77265	-14.0339
-6.16825	-11.2148
-5.76012	-12.1365
-5.90719	-10.9721
-7.16115	-10.7563
-7.49688	-9.23356
-6.50035	-11.7657
-7.65623	-15.2999
-7.73855	-17.7986
-7.53718	-20.7986
-8.2313	-20.857
-6.9818	-20.946
-6.19147	-22.3445
-3.53354	-24.3036
-2.28345	-22.345
-1.33119	-11.1905
-1.40649	-7.69114
-11.5273	-19.7394
-7.44965	-22.9063
-9.89958	-11.1873
-15.3675	-13.128
-15.1797	-10.59
-10.5633	-9.45607
-10.2514	-11.8558
-4.77656	-1.78239
-9.46786	-5.7562
-9.85818	-7.12338
-3.46333	-5.92645
-9.37017	-9.75478
-14.2164	-6.52347
-13.657	-5.19109
-12.4293	-8.0739
-10.8795	-9.19663
-10.6465	-8.54623
-8.98591	-11.9979
-6.35795	-14.8208
-4.92989	-13.3521
-5.9509	-11.3622
-7.7075	-11.4995
-8.41794	-12.4257
-7.75485	-10.3973
-4.89764	-9.33084
-6.68668	-6.40356
-7.70529	-3.57021
-5.75607	-4.43861
-6.45334	-4.40692
-3.55836	-8.42484
-3.67226	-11.1904
-5.36525	-11.4008
-2.57465	-9.53503
-3.65738	-7.19639
-0.53554	-4.82925
-7.99462	-7.72974
-3.80255	-15.3925
-5.63906	-14.8665
-6.5191	-15.4847
-3.64734	-18.509
-2.7105	-18.8002
-2.6665	-19.6101
-2.88123	-18.635
-2.82464	-19.4919
-3.2693	-18.2781
-4.60055	-15.9197
-1.96103	-18.5609
-3.98739	-14.1311
-7.96907	-9.08717
-9.93875	-6.78057
-11.2364	-5.63038
-15.7303	-2.55711
-15.366	-4.42331
-13.5875	-9.29495
-13.7181	-7.37292
-13.2557	-12.2245
-12.071	-16.5595
-8.18349	-15.4636
-7.61782	-13.4658
-4.27154	-12.3514
0.660377	-11.1833
0.443953	-5.8272
2.37457	-5.9488
-3.7314	-10.7354
-3.4609	-6.5074
-0.618356	-6.02775
1.22895	-3.85987
-0.601719	-9.65897
4.90335	-9.46737
4.95645	-4.01078
4.50054	-8.59213
2.43731	-6.76128
3.31913	-7.02293
7.56896	-5.60962
5.98343	-4.99261
5.59039	-6.35423
7.04011	-6.37969
5.33438	-6.70088
6.91947	-5.50308
10.8816	-4.71795
8.43469	-9.86706
4.05266	-5.76852
6.87421	-0.963801
7.99015	1.69422
8.89378	-1.00013
16.4387	-11.1165
6.15098	-7.3414
-4.12227	-6.12005
5.9442	-6.23139
7.42032	-3.93204
6.57014	-6.52315
3.61833	-4.70656
4.27651	-5.42127
4.43654	-4.54566
5.65588	-4.82532
10.7204	-1.67984
7.98463	-6.1723
10.3467	0.582484
-0.470267	-1.22746
-4.18121	1.28374
8.52742	1.81837
3.84947	6.32123
5.56563	-2.47257
-0.602194	-5.38521
2.55975	-7.82067
3.72872	-0.0129573
9.25911	4.31325
7.1531	-1.85909
7.07888	-6.9982
5.20108	-4.62981
-6.39627	-1.36917
-1.28951	-4.43528
-3.88974	-5.31258
-1.2098	-6.19311
-2.52741	-3.41751
-3.05107	-7.91781
-3.38293	-13.0525
-1.77145	-15.9057
-1.76763	-15.4726
-0.022069	-16.7104
4.99945	-19.8314
5.04291	-18.3265
6.78136	-19.8794
4.04796	-17.3183
4.80676	-18.4857
2.43901	-20.0521
-8.52554	-7.04102
-4.66382	-9.24159
-2.84776	-10.1126
-3.95758	-13.3342
-5.76105	-16.7386
-3.58929	-17.7527
-2.49142	-9.74251
1.69129	-1.75156
-2.23199	-12.3097
-9.66878	-10.4246
-7.89029	-14.8322
-8.15462	-28.9365
-10.5133	-32.114
-12.4507	-33.5608
-12.3257	-34.686
-12.955	-36.6032
-10.8948	-34.7897
-12.3536	-28.796
-16.1663	-27.4025
-11.9001	-19.9646
-4.87445	-14.1143
-5.76253	-8.01218
-12.6285	-12.8408
-8.62522	-10.5259
-6.15195	-17.7278
-3.57975	-15.3889
-3.05622	-16.2794
-0.199222	-13.7817
-0.856161	-10.271
-2.11809	-16.4739
-2.42009	-9.89871
-12.233	-12.1966
-7.67503	-20.9911
-6.19814	-29.0952
-8.20243	-30.0015
-11.4104	-27.2904
-13.369	-26.261
-12.9007	-24.8336
-12.6632	-22.441
-12.0897	-20.1608
-12.7224	-18.5672
-18.2301	-8.35075
-14.796	-15.152
-10.7098	-16.2609
-12.3446	-12.6741
-8.67831	-13.8575
2.95502	-11.0197
-5.41249	-15.8373
-4.04304	-13.2503
-5.54523	-12.0652
-7.22766	-11.8371
-5.23661	-14.1662
-11.4291	-14.8598
-6.05781	-13.07
-13.3742	-7.91468
-12.7167	-14.2274
-10.9334	-13.9014
-11.3259	-14.3093
-11.7131	-14.1337
-10.8004	-14.1727
-10.3602	-15.9232
-7.93776	-18.7208
1.34903	-25.8103
2.17445	-24.2543
3.79466	-26.6389
4.65667	-26.202
5.38071	-24.6809
3.58647	-24.3942
2.37443	-25.3871
2.90255	-25.0588
1.21542	-23.1552
-0.126187	-21.8491
-3.24954	-16.66
-9.24977	-18.2677
-7.64243	-15.4758
-7.77607	-13.1037
-8.91491	-10.6768
-9.6307	-9.01654
-11.7693	-5.30378
-14.7635	-5.34739
-17.6228	-7.58494
-19.6004	-6.75955
-19.2855	-7.58173
-15.2509	-9.90552
-12.5189	-14.1955
-9.24119	-15.4454
-4.56314	-18.4647
-2.50595	-17.4572
-3.91092	-17.4846
-7.74167	-15.8221
-9.36827	-12.6118
-9.57017	-12.3133
-9.72303	-10.7244
-10.4442	-7.50258
-10.6677	-6.91107
-10.6268	-6.31173
-6.4541	-14.522
2.63344	-19.8322
0.838405	-21.9817
1.37568	-22.1028
0.124568	-21.4887
-1.53902	-23.7694
-5.74256	-22.1293
-9.82445	-18.2965
-9.3994	-12.9771
-6.23312	-13.9318
4.85218	-9.13561
-12.6206	-19.475
-9.64488	-10.3623
-10.1328	-15.8628
-7.77151	-15.0096
-4.66284	-14.0029
-5.78459	-8.39901
-7.79461	-8.69376
-1.60067	-14.8468
-1.02619	-16.5332
3.61732	-21.8117
-6.84976	-13.1108
-8.19341	-16.6102
-8.90838	-14.9306
-7.90371	-13.9951
-8.2817	-14.0823
-11.0333	-11.4931
-6.47394	-22.575
-8.12345	-12.622
-1.87832	-9.74392
-1.62798	-13.6632
-6.88962	-13.5389
-4.09746	-11.3919
-2.37319	-13.1225
-7.14803	-23.5219
-16.0799	-29.4197
-19.0746	-26.1225
-13.0268	-24.5326
-14.122	-23.052
-13.1044	-24.8192
-11.1582	-24.5018
-10.6766	-26.3467
-10.5391	-26.9409
-9.0906	-28.0796
-8.18981	-27.1634
-4.15289	-30.0677
-0.610789	-29.0774
-1.81671	-28.2607
-0.624862	-18.2695
1.07808	-17.3611
1.80171	-18.2536
-3.13975	-18.6063
0.620973	-17.6459
-0.152815	-14.9885
-1.25797	-7.63439
-4.6964	-18.1405
-9.74636	-15.2252
-8.88	-15.0998
-5.2874	-14.8375
-3.91805	-13.532
-5.33715	-12.2437
-3.73962	-11.1322
-3.80245	-10.6465
-3.38708	-10.3247
-1.98888	-10.6837
-2.58725	-12.7781
-1.71553	-13.4531
-5.45503	-11.7662
-7.92368	-10.8842
-9.52387	-10.6601
-3.64159	-11.3614
2.93352	-6.17545
-4.86073	-6.95065
0.381596	-8.08504
2.61592	-2.92258
2.40757	-4.0967
-0.738133	-8.49783
-2.60706	-8.15613
0.824099	-4.97371
1.88153	-6.99458
0.848803	-8.89173
-13.6796	-17.3094
-22.9545	-10.9488
-23.283	-15.9809
-24.4894	-19.2845
-19.2264	-22.2379
-14.9429	-23.4609
-9.83797	-21.7747
-3.97474	-25.6029
-5.03863	-22.7968
-5.13362	-24.854
-4.32921	-25.6445
-5.18677	-24.0754
-6.07012	-24.908
-6.75535	-22.8714
-5.82942	-24.0337
-9.35078	-20.3016
-17.3619	-10.8215
-12.9319	-18.4788
-9.80346	-13.5937
-5.93554	-11.4868
-1.60645	-15.8309
-0.293749	-8.29615
1.59639	-5.07014
-1.27812	-7.28152
-2.23849	-6.7767
1.69644	-10.1231
-9.07236	-18.9879
-9.48098	-21.2321
-8.0329	-16.5855
-9.71152	-15.5858
-10.23	-15.7221
-11.9606	-14.1349
-12.0241	-13.3189
-5.3197	-19.5125
2.82976	-21.2979
0.560527	-19.3273
0.491816	-19.7615
3.28112	-23.3579
1.89099	-22.7025
2.89892	-24.2554
1.52324	-24.222
0.163384	-22.8348
-4.98558	-21.1537
-18.8379	-18.8933
-21.3805	-17.5726
-21.6647	-18.6833
-24.1338	-18.2977
-24.3723	-20.5467
-16.0887	-23.9692
-11.4733	-18.6339
-5.45931	-16.5733
-8.50114	-14.8464
-11.2848	-21.2762
-10.4675	-16.9464
-8.91188	-10.3644
-12.4684	-0.0288768
-12.6215	-6.90052
-17.147	-6.47823
-16.5287	-11.3991
-16.8746	-13.4889
-15.5954	-14.0964
-13.0169	-16.8264
-4.61734	-23.1766
-1.801	-22.5421
-2.8905	-20.244
-3.34663	-21.2165
-5.7281	-21.3088
-5.08165	-18.5651
-9.75776	-15.9228
-10.6503	-17.2891
-7.59792	-20.2956
-14.82	-10.8422
-15.5531	-9.49316
-14.6701	-10.3332
-16.5043	-9.17071
-15.4705	-8.94988
-15.0088	-8.3334
-14.0021	-9.67924
-13.7533	-9.65115
-12.203	-11.384
-10.3019	-15.6645
-9.67956	-17.4565
-10.1321	-18.1089
-9.65257	-18.728
-8.98517	-20.463
-9.78219	-23.4431
-9.23481	-27.3151
-9.21044	-28.7342
-9.93011	-32.2914
-12.3883	-30.9336
-15.2684	-31.0668
-9.69223	-27.3654
-7.73277	-13.8687
-13.4902	-11.3696
-17.5806	-16.148
-7.804	-15.778
-11.5587	-3.25767
-14.9328	-1.44315
-12.9437	-9.36226
-11.1861	-10.8624
-8.02457	-10.6397
-3.49515	-8.19353
-3.05567	-17.6712
-2.4918	-11.0828
-4.79738	-5.09889
-16.7386	-19.6421
-21.082	-21.506
-20.53	-17.3962
-13.1159	-17.4398
-6.19888	-19.7119
-1.28802	-21.7138
-2.71425	-20.5503
-5.40476	-17.4926
-11.0302	-14.3692
-17.6453	-10.2521
-20.1834	-14.767
-19.5652	-12.6533
-11.9684	-3.00992
-18.1951	-7.69342
-12.787	-10.5688
-8.75764	-16.8154
-7.30501	-19.8253
-6.38621	-16.9626
-4.66553	-16.3015
-4.19317	-16.1133
-2.55903	-16.8126
-3.71305	-17.4814
-2.59254	-21.3823
-1.90957	-22.9006
-2.2806	-24.8498
-2.24195	-26.0106
-1.36749	-27.1774
-2.90813	-26.0421
-3.64952	-27.122
-6.00241	-30.0248
-10.0347	-31.8851
-15.0745	-28.0867
-17.1715	-26.218
-17.1199	-24.7469
-16.7654	-24.6474
-15.7092	-21.633
-9.12967	-20.3369
-0.633449	-24.5166
1.03197	-26.7569
1.29059	-25.4065
0.532355	-25.895
0.316372	-25.748
0.253588	-27.2561
-1.65052	-25.5026
-4.10965	-23.5053
-10.3634	-19.0013
-14.7422	-16.3462
-16.0394	-20.2794
-15.6617	-22.4018
-17.6081	-23.6573
-21.6542	-19.2679
-15.4142	-15.054
-9.49131	-6.82917
-17.0987	-14.3034
-14.1017	-8.81268
-12.2549	-9.01348
-15.489	-6.54519
-5.88023	-6.54684
-12.775	-8.22178
-8.40709	-12.3257
-7.89539	-12.0573
-7.68434	-14.8962
-8.63297	-29.5347
-18.6681	-24.5542
-16.9101	-25.6419
-12.6386	-29.5955
-12.1242	-32.4294
-11.7773	-35.7793
-12.258	-35.6356
-9.70054	-36.448
-13.6989	-36.3651
-16.7402	-36.0964
-21.941	-27.8181
-25.1326	-22.6307
-20.5488	-28.3914
-14.399	-26.0968
-12.4589	-25.9094
-11.1352	-19.254
-7.47796	-16.8057
-5.26518	-20.2087
-1.96075	-17.3729
-3.66421	-16.3487
-3.31492	-17.2815
0.651801	-14.16
-0.0940906	-15.1524
0.774291	-18.0303
-8.46789	-23.1453
-3.56681	-24.8239
-10.4041	-18.4278
-6.70037	-21.7822
-5.37372	-24.9917
-8.77503	-20.9211
-6.32976	-17.5554
-9.09309	-20.1071
-11.2026	-17.0575
-10.0549	-12.6158
-9.0795	-13.0469
-7.95171	-15.0652
-7.40584	-16.5493
0.0624337	-22.211
1.22383	-27.9201
2.82403	-24.0518
1.24999	-22.6411
0.125707	-19.9633
0.163449	-17.5719
-4.5832	-19.3963
-3.0822	-19.3695
-2.68811	-21.2531
-0.67155	-21.843
2.54348	-28.0872
0.434356	-33.6398
-1.92452	-38.1131
-7.94094	-33.5719
-9.76143	-31.5961
-10.1377	-32.4939
-11.4292	-31.3005
-10.2629	-26.7862
-9.39724	-23.1437
-6.3892	-20.1965
-5.29255	-18.944
-4.95184	-17.1816
-4.27749	-16.3331
-6.27069	-17.5055
-2.36993	-19.1034
-3.45748	-17.7166
-0.711223	-21.057
-1.7933	-19.9107
-3.10656	-16.3301
-0.916138	-14.3057
-0.578128	-13.9135
0.910201	-14.8942
0.671838	-14.6653
0.116542	-18.0288
-1.98753	-19.2139
-5.5047	-22.0198
-6.81181	-22.4802
-8.07009	-25.6054
-8.24945	-22.546
-7.54564	-14.8746
-1.16613	-16.4795
-3.30721	-17.5955
-1.67057	-15.9409
-2.08914	-16.4221
-1.67161	-17.988
-2.46744	-13.621
-0.823239	-19.1849
-0.397006	-21.6902
0.922512	-24.1005
-0.133588	-19.233
3.12151	-17.3046
3.61768	-12.7711
1.55688	-4.79694
-1.2291	-8.63894
4.145	-10.964
7.16678	-4.70792
1.07159	-9.72538
1.24881	-7.53451
2.11244	-12.1084
6.3678	-7.83038
3.62789	-10.1639
2.4488	-11.3564
4.08973	-6.72234
4.5026	-7.25629
4.2401	-4.96739
2.69696	-3.59564
-0.609609	-14.2775
-3.41286	-15.3379
-6.6957	-20.8042
-7.74016	-26.3448
-6.20856	-30.6844
-8.48148	-32.2409
-7.9885	-32.3788
-10.1314	-31.3556
-8.47334	-30.651
-5.30735	-32.3595
-4.22217	-34.2086
-4.67655	-31.9359
-8.13835	-25.4161
-9.97454	-19.6402
-13.164	-18.6216
-9.10299	-20.765
-6.36103	-29.4448
-9.96442	-27.67
-11.5813	-21.693
-12.8315	-19.5805
-12.1821	-16.8836
-11.6112	-16.127
-10.8947	-14.3589
-9.31078	-16.0611
-7.12775	-14.2616
-8.28906	-11.7676
-10.1531	-6.96931
-10.9667	2.9726
-6.164	4.74364
-12.8241	-3.99045
-11.7192	-1.08414
-11.1043	-7.02893
-10.1998	-10.7966
-12.2766	-13.3769
-14.4451	-6.21795
-8.78775	-11.5602
-9.56864	-14.3469
-12.3285	-14.7701
-13.173	-17.6178
-9.77599	-18.9266
-8.19994	-15.2306
-4.2551	-12.9656
-5.65587	-11.2555
-4.64456	-10.3256
-2.9188	-14.7975
-4.03784	-17.3034
-0.380346	-14.7064
-11.4402	-18.1545
-13.4963	-16.6191
-12.6417	-13.6959
-12.3588	-15.5641
-10.1005	-16.5478
-8.5702	-16.7571
-7.37872	-16.9071
-9.40121	-13.1509
-6.541	-13.8393
-4.56469	-13.1598
-5.51334	-10.3922
-5.75821	-9.73327
-6.18158	-12.801
-6.28921	-14.7827
-5.59008	-18.9153
-6.59605	-18.7158
-4.24499	-20.9373
-5.4573	-19.0758
-5.63542	-18.9298
-5.93662	-17.6174
-5.91638	-17.3921
-6.91497	-15.5713
-5.24468	-15.8941
-6.08691	-15.4036
-3.95796	-12.5257
-1.60003	-12.8938
-6.84156	-10.0405
-7.94022	-13.6705
-8.94838	-13.8583
-8.15398	-13.5982
-8.10687	-8.87378
-5.57128	-9.52958
-10.7721	-5.76706
-5.04899	-13.2413
3.23676	-10.7045
-1.18233	-8.19307
-5.30831	-5.08133
-9.87311	-6.8676
-7.07985	-10.8592
-7.61345	-8.47164
-5.63898	-6.23232
-6.82803	-11.6366
-4.12438	-8.13033
-3.07875	-10.149
-0.461446	-12.1149
-8.38423	-15.7908
-6.68065	-19.1737
-4.61391	-18.4221
-5.86858	-17.4824
-6.69327	-17.4932
-5.8244	-17.8078
-7.6312	-15.4709
-6.94774	-16.2422
-7.0891	-15.6064
-7.91604	-14.2045
-7.90846	-15.623
-7.63158	-16.2174
-8.78541	-15.9637
-8.19608	-15.7577
-8.71401	-14.6658
-8.63577	-14.162
-7.19899	-12.4282
-7.09303	-10.0678
-6.04243	-9.331
-6.60516	-7.46085
-6.86727	-4.67589
-8.74479	-2.25572
-8.71517	-2.36256
9.6794	-5.27198
9.50893	-2.22565
5.06207	-2.51569
6.64729	-4.53887
7.16581	-2.7347
7.63525	-4.28425
11.4217	-5.52232
9.97049	-4.49718
12.1037	-2.87859
-2.1486	-17.7653
-3.82221	-23.484
-3.29593	-24.7917
-5.85877	-22.3176
-6.33412	-21.0522
-7.29265	-21.0974
-7.71488	-20.8052
-7.84608	-20.7897
-10.671	-14.9744
-13.8349	-15.0269
-13.2286	-17.6874
-16.1594	-13.1206
-19.3034	-15.2743
-9.92411	-11.5398
-4.35811	-13.5683
-3.25972	-8.66644
-6.58906	-6.91257
-8.44532	-7.17122
-2.11765	-1.23203
-4.69932	-3.25926
-7.50294	-11.2355
-15.4781	-13.9337
-16.3972	-10.768
-13.6562	-13.9378
-14.1244	-16.1743
-14.6301	-16.0382
-11.3504	-18.2613
-9.35297	-20.4296
-10.5063	-20.7616
-9.92302	-19.2146
-8.39223	-22.3638
-10.2552	-18.0935
-11.5592	-15.2092
-14.7704	-13.3434
-12.5041	-11.5983
-11.3932	-13.6553
-9.43816	-12.2275
-9.93264	-14.5445
-9.71578	-11.3687
-8.34871	-0.864346
-10.1735	2.71807
-12.9627	1.06075
-10.5834	-5.63904
-3.67102	-5.07628
-4.46751	-4.48596
-3.0233	0.470842
-8.14814	-5.65885
-4.95985	-7.22189
-7.87957	-10.8218
-4.27816	-12.1191
-7.69693	-21.2975
-8.09423	-25.7553
-8.8374	-26.6825
-7.86983	-26.7044
-8.62422	-23.2137
-8.6629	-22.5848
-9.59962	-19.5017
-15.115	-15.61
-12.733	-20.9611
-1.55987	-20.9733
-0.983346	-17.0451
-5.7107	-16.6609
-0.326846	-12.995
3.86349	-6.42129
-2.34475	-8.11472
-2.71773	-11.309
-6.82876	-13.1849
-5.89825	-9.69935
-2.95807	-16.7947
-9.21568	-15.0966
-5.80166	-19.0595
-7.99593	-11.3496
-7.87331	-11.6761
-5.84581	-13.9859
-8.01205	-13.0969
-9.70463	-12.4659
-2.27494	-10.3025
-3.75751	-6.48644
-3.16899	-9.89357
-6.60531	-10.85
-7.06346	-16.7011
-5.76026	-8.53788
-10.4365	-14.7412
-9.82131	-20.2438
-8.93591	-22.2086
-7.04602	-22.8694
-5.05506	-23.1878
-3.41484	-22.7824
-5.21856	-22.738
-4.97964	-23.1458
-6.17519	-25.218
-5.66547	-27.9295
-4.72109	-30.1511
-7.88096	-21.7951
-0.687075	-21.4994
-5.65024	-15.662
-7.36541	-27.8692
-9.62237	-30.1374
-11.7352	-32.9604
-11.7789	-31.9165
-10.5636	-35.1569
-11.7146	-33.5559
-11.5159	-34.011
-11.7686	-33.3886
-9.80472	-31.3185
-6.26675	-31.1775
-9.54444	-22.0786
-6.10287	-24.7895
2.07368	-21.0549
-3.51929	-24.8844
-4.20674	-19.4205
-8.97364	-4.91459
-6.60421	-5.44213
-16.9847	-8.14361
-15.9393	-3.19098
-7.79521	-11.0312
-6.34752	-10.5724
-6.22584	-8.30441
-4.42516	-11.4146
-9.01294	-9.77746
-3.82809	-9.21846
-1.88282	-10.5421
-0.171688	-7.94978
0.406645	-12.0021
-0.474524	-5.61844
-1.17605	-3.91045
0.941852	-6.15357
1.14304	-3.50192
2.61398	-3.89206
4.6524	3.08918
4.79689	-4.5899
6.31368	-1.1387
6.7389	-0.61366
5.57682	-3.55553
3.59298	-1.50208
0.0206655	-0.32192
-16.2392	-7.89219
-25.1693	-0.532161
-23.3714	-2.72641
-19.6131	-4.59621
-15.5809	-5.61367
-13.5857	-6.66213
-9.399	-6.27118
-7.41656	-7.69491
-9.30475	-4.06351
-9.59873	-2.41535
-4.33205	-8.2768
-6.66087	-6.39943
-11.9741	-3.40022
-10.6459	-4.396
-11.1639	-6.37149
-2.94953	-5.87576
-2.41912	-6.86841
-7.35177	-3.60806
-6.60897	-4.13849
-8.79119	-7.11067
-2.21077	-6.91999
-10.3965	-13.3282
-21.2244	-1.46003
-24.6197	1.7108
-22.4304	-2.62694
-19.07	-5.00118
-2.19363	-9.63863
-3.90999	-12.4013
-7.07049	-11.7003
-2.5499	-10.6815
-4.11605	-13.5081
-1.90909	-12.2166
-11.5586	-12.6978
-13.4401	-13.9198
-13.5076	-14.4927
-11.2976	-15.644
-7.17206	-20.1944
0.927536	-16.4072
2.91547	-23.29
-0.688703	-23.8761
-2.33438	-32.3418
-4.73103	-34.7147
-7.55957	-33.815
-5.08827	-36.8274
-5.78772	-34.5019
-2.68491	-36.8181
2.56409	-35.1205
-0.356651	-29.1825
0.100173	-17.1301
0.789258	-18.7294
-0.885826	-19.0747
-0.647818	-16.292
0.689081	-19.5394
2.71568	-11.4049
2.53003	-12.356
-0.0762747	-14.0031
4.09944	-10.589
-4.26752	-9.38007
-6.08392	-17.247
-4.60148	-20.0376
0.0190313	-21.0001
-5.01306	-15.789
-4.71286	-14.4931
-3.83467	-14.9788
-3.3823	-13.7774
-4.23444	-10.0732
-5.24123	-6.76399
-5.67976	-3.91034
-4.55193	-5.4754
-5.71061	-3.25789
-6.49353	-5.55575
-7.44558	-4.55803
-11.926	-0.574988
-11.9212	-6.35259
-8.61469	-12.9015
-2.88266	-16.5464
-7.83678	-4.16753
-7.42025	-3.39201
-15.3502	-0.198423
-13.2787	2.28679
-12.0603	1.98021
-4.79136	5.32632
-12.0567	4.04967
-12.9919	1.54154
-16.1582	7.11815
-8.11169	4.81811
-8.38891	-1.11087
-4.34184	1.66674
-3.36628	-3.76767
-1.44893	7.83937
2.79538	-0.924502
-1.20863	-0.571071
1.40139	0.736096
3.86929	1.49524
4.37757	-3.93137
5.94134	9.55774
6.96638	-2.17885
7.19538	-1.47976
7.44074	1.06027
1.36204	0.807787
3.90954	-3.11545
7.87271	5.6389
2.02236	-9.28924
1.93065	-7.79562
8.68125	-6.2075
-9.85617	-18.3007
-6.85285	-20.5007
-8.9583	-21.9066
-10.209	-21.2122
-12.5279	-19.6427
-13.5619	-15.9882
-14.3791	-14.6149
-9.5992	-15.0605
-11.4554	-13.5439
-11.2452	-13.2083
-10.4294	-12.6794
-8.95178	-16.2319
-5.73916	-14.0345
-3.24912	-16.8379
0.245169	-15.7063
-7.08068	-16.5716
-7.40269	-14.0567
-4.28217	-10.9122
-6.55526	-18.4168
-11.3818	-23.1503
-8.89928	-21.1991
-8.8814	-20.0626
-9.24922	-19.9163
-10.9505	-14.7088
-12.2261	-14.1705
-14.0703	-13.0223
-13.2158	-10.3613
-14.4547	-9.97638
-17.1187	-7.90263
-17.8155	-8.46564
-18.0132	-9.07162
-17.6935	-6.62302
-14.9269	-8.68051
-9.31789	-12.8999
-8.01732	-13.3456
-14.8143	-14.5919
-17.9633	-16.1865
-15.9232	-20.6745
-12.3307	-17.2036
-9.8796	-13.9392
-4.55412	-9.63367
-2.6351	-7.44618
-2.6121	-8.03402
-3.63163	-6.15799
-3.86821	-6.57863
-6.41171	-5.5366
-5.21269	-5.39592
0.23542	-9.75806
1.89885	-3.78875
-2.75741	-15.4591
-5.49526	-11.4851
-0.741592	-12.8596
-6.83573	-10.3153
-10.2975	-6.74113
-7.14	-14.2784
-8.35559	-19.6391
-10.0375	-21.3028
-14.7386	-22.1846
-15.2407	-17.045
-13.1175	-14.7571
-15.4957	-18.542
-17.4433	-21.0619
-15.3988	-21.5364
-13.63	-20.8577
-13.0717	-20.3147
-12.204	-15.8621
-12.4787	-13.3352
-13.0135	-12.0429
-12.9855	-10.8603
-12.4897	-10.6951
-9.3154	-8.23255
-9.36186	-7.42045
-8.81569	-6.8027
-10.5	-6.11145
-1.78462	-7.46724
-4.88258	1.45646
-0.94924	-0.919476
-9.57473	-4.77536
-8.90771	-4.91161
-3.71298	-7.8107
-6.66994	-9.82564
-5.41241	-10.1809
-12.0613	-6.90434
-1.99302	-8.44761
-6.56652	-14.4666
-10.2161	-10.8657
-12.9009	-7.7874
-14.677	-9.01543
-14.1211	-15.2024
-13.061	-19.7811
-15.1142	-21.246
-17.0023	-23.0442
-18.8777	-21.9072
-22.2063	-20.1884
-22.8941	-17.6433
-23.8857	-15.2573
-22.2937	-14.955
-23.2451	-15.2463
-20.9865	-16.8591
-14.3846	-13.3324
-3.5936	-22.1781
-2.73907	-21.764
-2.44698	-23.4474
-0.646514	-24.3025
-0.641939	-23.1915
1.4769	-23.4882
1.77329	-21.9082
-2.42671	-21.8177
-5.66249	-12.4748
-2.01151	-9.02945
-1.88439	-7.55428
-3.53748	-7.00778
-2.99006	-5.26532
-3.33751	-5.08219
-2.64316	-5.77251
-2.59625	-4.69497
-3.11045	-2.47786
-4.25181	-3.67602
-6.22124	-2.54441
-4.8677	-4.18723
14.2358	0.249137
5.5363	2.22777
5.04074	1.59458
9.51836	-6.09921
10.7574	-4.03797
7.98594	-0.580604
6.45967	-5.9211
8.13085	-5.19436
11.5918	2.08735
6.44797	-1.64233
-1.33556	-9.67757
-1.91489	-10.7175
-3.69932	-6.53854
-1.98417	-11.9085
-5.18499	-7.51916
-8.12989	-6.29081
-2.65653	-14.4001
-1.00251	-16.9137
-2.41571	-4.48672
-4.59211	-6.88124
3.32913	-6.08487
3.96911	-9.13019
5.01165	-10.2379
2.46568	-21.2995
-6.90474	-26.3741
-9.00189	-25.6943
-9.624	-20.4079
-11.601	-20.3245
-11.8867	-19.9945
-13.1533	-20.4791
-3.67926	-16.5222
-4.54776	-19.0909
-3.37094	-21.2817
-0.291463	-19.3163
-0.605071	-23.1267
-0.562077	-24.1939
-3.76417	-18.349
-0.660086	-23.4931
1.58677	-25.033
-3.78518	-19.3269
-8.49256	-15.7428
-13.0764	-12.9576
-10.6007	-12.4311
-10.8887	-17.5266
-9.74233	-17.7787
-10.1668	-22.3072
-11.9782	-26.333
-12.6643	-30.3462
-14.1611	-30.66
-16.8311	-30.1607
-19.5016	-30.4794
-19.1379	-30.1521
-19.6092	-28.94
-21.0184	-25.7499
-17.9759	-25.0031
-12.6218	-21.8318
-4.0167	-25.3561
-2.40612	-25.9581
-2.16104	-25.3131
-1.51303	-24.5617
-3.96949	-24.6857
-3.54503	-24.9155
-5.26448	-21.7646
-8.63138	-18.912
-7.65413	-19.3461
-7.21823	-19.2163
-8.1708	-16.2136
-7.30834	-14.5466
-6.68992	-14.0748
-6.81087	-14.1459
-7.07109	-13.1489
-9.21955	-16.0473
-9.82365	-16.6363
-2.60281	-19.186
-4.46163	-18.0036
-6.40546	-19.3148
-3.23273	-14.7021
-1.80245	-14.7455
3.5317	-16.4561
-1.38337	-10.0494
2.67331	-4.34347
0.197875	-11.2866
1.03786	-10.756
2.02665	-7.60757
-2.69345	-11.42
-18.8685	-17.6153
-14.4967	-17.3395
-17.767	-14.1853
-14.0568	-8.66719
4.09814	-8.2757
-1.27158	-8.68988
1.74975	-10.5814
0.924598	-7.2603
3.56787	-5.55719
6.9676	-5.78938
2.35488	-6.12046
3.70862	-3.94333
7.67386	-6.80743
7.6658	-3.69006
0.140453	-2.03581
-6.4156	-13.3318
-12.005	-16.8181
-10.3051	-17.4415
-4.85543	-11.6884
-2.69856	-9.06725
-1.89615	-8.50608
-1.03298	-9.82013
1.02308	-12.9489
1.10157	-14.1143
2.68156	-18.4212
-1.37975	-16.1954
-9.48857	-16.0501
-3.12745	-23.6411
-2.09186	-23.1441
-4.35945	-20.7636
-6.08544	-19.061
-5.58046	-18.2343
-4.4067	-18.1136
-3.28944	-20.1247
-2.36586	-22.1666
-6.05311	-21.9301
-8.60874	-21.9993
-7.77786	-24.1662
-7.771	-27.7406
-9.9061	-25.7379
-9.28871	-24.5424
-7.86032	-24.1672
-8.84367	-23.0522
-7.14286	-28.7553
-9.97743	-28.0582
-10.3375	-25.4098
-11.9195	-20.5784
-11.0511	-18.2687
-10.4291	-16.7984
-10.8331	-17.3113
-11.549	-18.8612
-9.87256	-17.7571
-10.5201	-18.233
-5.7129	-19.7535
-0.289975	-19.4051
-2.66864	-12.7204
-1.77942	-11.3075
-2.08202	-15.7044
-2.02511	-18.065
-6.51889	-15.2328
-3.14875	-14.6783
-3.43372	-8.56656
-5.33517	-10.4834
-12.3652	-3.17752
-6.86519	-7.51745
-7.26573	-4.17662
-8.04811	-4.60983
-9.39305	-4.89226
-11.0366	-8.5904
-11.427	-8.7765
-11.7406	-4.48541
-10.6639	-5.28434
-8.34916	-4.07987
-5.91952	-2.5196
-6.54522	-0.133237
-7.41976	2.00408
-9.03593	3.82068
-11.1965	3.89465
-12.8353	5.25377
-13.1133	5.12274
-14.1132	5.26374
-15.388	4.36495
-14.9016	3.93503
-15.5265	4.36353
-17.1326	4.76745
-18.024	3.05407
-17.6492	-1.52759
-13.8708	-8.1619
-12.4709	-8.22722
-15.3845	-5.39251
-15.6954	-8.87324
-16.276	-8.38648
-16.9683	-6.63199
-13.833	-11.2138
-8.48359	-18.6319
-6.07436	-20.0399
-7.64043	-20.5071
-8.64202	-23.0709
-12.9655	-16.3826
-13.3688	-11.6654
-14.6809	-7.1776
-15.057	-6.50446
-13.2813	-8.61884
-14.2006	-4.87771
-13.7574	-7.15462
6.18103	-2.6489
6.52961	-5.56248
11.5834	1.28394
10.0695	0.114644
6.29602	-8.15991
7.79352	1.39297
7.49231	-3.4564
8.88912	-3.81435
6.98511	1.5331
7.11447	-1.94957
8.24247	-4.97957
7.20994	-4.24356
7.52347	-0.0321288
-8.88237	-9.18031
-5.8321	-12.9882
-14.2319	-11.8831
-16.3086	-9.58649
-14.9682	-9.82934
-15.6508	-8.70061
-15.0512	-9.88509
-15.2889	-10.4558
-15.3451	-5.01121
-9.70009	-10.0615
-8.70785	-6.94524
-4.29882	-6.32199
-2.43959	-6.27907
-5.63803	-13.3397
-7.79838	-14.4513
-14.3219	-16.2558
-15.4371	-15.6449
-13.7039	-14.6581
-14.0232	-14.8062
-13.7977	-15.3444
-13.0347	-14.3935
-12.4115	-14.0024
-14.0566	-12.8546
-13.382	-13.2902
-11.9108	-11.1466
-11.2619	-12.5953
-12.2939	-10.4577
-13.1242	-13.7664
-9.95646	-14.1101
-8.17718	-14.6695
-4.99671	-14.8318
-8.62748	-12.5941
-1.1113	-6.79036
-5.94169	-6.00984
-10.4833	-10.7618
-5.90402	-9.77934
-2.72542	-6.90985
-8.62884	-23.3835
-8.54432	-27.8202
-6.85303	-28.3426
-11.0515	-22.6496
-9.45036	-28.64
-9.82871	-28.9383
-8.53986	-31.1925
-7.77519	-32.6891
-6.16855	-31.2668
-5.64265	-19.3467
-3.71714	-14.2871
4.64616	-16.4656
-1.20238	-16.8923
-9.68421	-21.5198
-6.47322	-17.2616
-3.21116	-15.4563
-0.713063	-9.6062
-0.123909	-11.6713
-16.5431	-11.2815
-10.1029	-15.6062
-7.67498	-14.6051
-7.40146	-14.1509
-7.50693	-16.288
-9.40612	-16.3647
-7.74991	-12.8791
-8.63438	-10.3804
-9.02461	-8.73313
-13.2443	-3.85183
-11.7129	-8.21338
-6.91613	-5.65956
-8.0066	-0.994229
-19.0013	-0.397754
-16.6343	-6.29898
-14.422	-6.2766
-12.0143	-6.85266
-14.6014	-4.03946
-14.031	-11.0407
-9.51143	-17.3578
-5.54733	-11.4215
-5.46097	-18.706
-15.8659	-18.1461
-17.7155	-9.81782
-15.6045	-11.9973
-14.5825	-10.9558
-13.7471	-13.8627
-10.564	-13.2965
-11.1947	-14.5593
-10.1294	-16.0233
-8.86273	-14.6012
-7.99488	-12.386
-8.34765	-12.7999
-8.25665	-14.1209
-7.2503	-18.2263
-4.44075	-20.3132
-0.879331	-15.0611
-5.6723	-14.5633
-4.72309	-16.2109
-7.43353	-15.1254
-7.93014	-13.1873
-6.84595	-13.9052
-5.16593	-17.6524
-6.62142	-18.8511
-8.82669	-18.5045
-14.0296	-15.7454
-9.44693	-21.5698
-5.25502	-10.7499
-11.0725	-5.90045
-19.6668	-8.90611
-9.45163	-8.06752
-17.615	-1.90348
-12.1966	-2.64941
-12.87	-4.72659
-14.6157	-9.19686
-7.66171	-13.4774
-17.0202	-19.8268
-14.2587	-26.3972
-12.5637	-26.6751
-10.1922	-27.0433
-8.94244	-28.0323
-8.05145	-28.6156
-8.55206	-26.528
-6.37898	-25.653
-6.12304	-22.8815
-1.85893	-21.6204
-0.0630332	-17.8509
-5.61335	-18.0863
-4.20658	-17.477
-5.98994	-13.916
-9.98243	-12.6838
-14.1293	-7.89656
-12.8367	-4.42176
-9.28914	-2.99488
-10.5659	-4.58641
-11.1223	-3.38198
-13.4586	-3.26853
-15.6777	-2.83491
-16.3281	-7.5962
-11.9095	-8.91923
-12.8337	-10.271
-9.2521	-7.67538
-1.00553	-8.71714
-4.03396	-10.3516
-0.215249	-9.86173
-0.704401	-9.61681
-0.505697	-9.27322
-0.184771	-8.69183
-0.38572	-8.18508
-0.715694	-9.07314
-1.82762	-18.4933
-9.28693	-18.5264
-10.1841	-14.9312
-7.88575	-16.3365
-5.19053	-19.3561
-2.96917	-23.6479
-6.51668	-25.1062
-10.7924	-27.432
-13.3291	-29.133
-14.6268	-30.0582
-16.9418	-29.176
-14.7672	-28.9717
-14.1792	-28.8714
-14.4843	-31.5615
-14.7177	-31.9035
-14.0391	-33.4819
-12.8086	-33.7623
-12.5918	-36.738
-13.0725	-35.2058
-11.2385	-33.6477
-8.90644	-35.4677
-5.92355	-30.5555
-5.0864	-19.009
-7.6999	-19.5675
-7.31817	-22.5388
-3.02907	-22.5212
-0.905236	-15.4769
-4.47595	-16.954
-10.571	-14.2344
-12.6104	-15.6988
-10.1162	-13.8187
-10.1298	-8.07823
-10.6625	-4.66798
-12.6262	-3.33837
-13.6734	-5.17361
-15.7505	-7.01786
-15.3576	-6.57629
-14.0841	-7.9969
-13.6388	-5.45079
-12.0747	-4.09504
-9.91929	-1.91351
-7.27776	-2.93231
-5.79284	-4.33171
-5.55529	-5.08131
-3.83851	-8.85547
-3.40831	-14.0801
-2.65341	-17.8722
-1.92416	-18.7275
-5.69989	-14.2375
-3.14847	-15.6933
-5.77166	-13.0164
-6.96534	-10.3825
-6.34717	-10.3069
-7.92995	-10.1631
-7.45777	-6.42434
-7.741	-8.10769
-8.00047	-5.43455
-6.48478	-7.25762
-8.0526	-6.92843
-5.71939	-9.75765
-5.21405	-11.0429
-3.96553	-13.2382
-5.22179	-11.5004
-5.91608	-10.0512
-7.61428	-9.01212
-7.87034	-7.04403
-5.73762	-5.67364
-6.06342	-0.816676
-7.21057	1.49433
-10.6385	4.54372
-12.5518	4.51098
-10.7436	3.12196
-12.8387	6.16935
-13.0475	6.57527
-12.1031	2.7338
-10.7929	-1.65404
-6.93253	-4.38332
-6.72537	-1.36761
-0.926192	-4.85959
2.10009	4.35874
1.5144	-4.42911
-5.32129	-2.92241
-10.7223	-11.1987
-6.85137	-5.90919
0.514434	-5.04507
-1.25794	-5.31815
-7.02279	-4.6415
-2.73706	2.28766
-8.87514	-13.6814
-9.06304	-11.0754
-15.6015	-11.5055
-15.2471	-12.6808
-15.6579	-13.0075
-16.0941	-11.1451
-16.5912	-10.5869
-14.6772	-10.5144
-12.8441	-11.9351
-12.1785	-8.99001
-10.0483	-9.43077
-7.53204	-7.71473
-4.13031	-9.64616
-4.52632	-8.62447
-4.7364	-5.49763
-5.5139	-7.66555
-7.36088	-7.70297
-8.20714	-5.72982
-12.3754	-5.55865
-9.74815	-9.5342
-8.07024	-7.62904
-6.76947	-1.88261
-10.2289	-6.14077
-15.3564	-9.50881
-10.965	-9.10366
-10.2586	-8.73062
-14.239	-5.67085
-14.575	-4.74013
-5.48263	2.66331
-5.70703	-13.8388
-11.0786	-19.9416
-11.4885	-24.0235
-12.4455	-24.9148
-12.9236	-22.0745
-12.7458	-20.9684
-13.0314	-18.1999
-9.5435	-19.6961
-8.52252	-22.1738
-13.4775	-16.9525
-15.0651	-20.7188
-14.6811	-17.6443
-15.5144	-18.4828
-8.37359	-20.7975
-8.04329	-15.7469
-7.98518	-18.2451
-9.91864	-15.6988
-12.5718	-10.0127
-12.0338	-10.3925
-11.5477	-6.97773
-11.0329	-5.22541
-4.66245	-5.26998
-3.03832	-11.3017
-6.87656	-12.0069
-3.32341	-13.086
-10.8403	-7.43631
-12.5854	-4.7543
-12.2002	-6.11261
-12.424	-7.90558
-10.4126	-5.54916
-8.82338	-6.9573
-7.89383	-6.03973
-9.37955	-3.23498
-15.2072	-0.822741
-19.8744	-2.7345
-20.9609	-3.22815
-20.842	-4.66263
-20.4456	-3.57763
-22.0997	-4.44224
-23.8911	-1.92257
-23.6909	-3.88641
-26.3703	-1.80094
-24.3425	-5.00347
-19.6419	-7.90586
-15.2684	-13.8672
-14.646	-12.1342
-9.65503	-17.773
-2.96982	-17.0085
-0.12192	-18.4658
1.44264	-17.6008
-1.5282	-13.6613
-4.58269	-7.78917
-6.71248	-9.3212
0.890408	-12.2189
-3.51815	-15.0241
-0.3638	-15.401
-0.27192	-14.9503
0.15331	-13.2395
-3.02012	-10.0452
-0.56995	-10.3123
-4.81781	-5.44271
-5.54239	-10.329
-15.3298	-9.52545
-10.488	-10.4531
-11.6131	-5.00428
-11.4506	-1.94368
-8.59637	-2.00707
-9.19502	0.0293577
-8.16704	-0.0977924
-7.59968	-0.379686
-7.13284	0.908378
-8.43653	1.75245
-9.58865	3.7686
-10.3539	5.36532
-11.5609	5.67141
-15.2989	6.64018
-11.6104	-0.410755
-7.23815	-5.33403
-4.46466	-6.45906
-1.83014	-8.85694
11.0577	-4.666
2.42556	-2.05478
4.21498	-5.34652
6.42415	-6.18765
9.25416	-7.93066
6.6814	-4.89084
5.55196	-0.778965
6.95366	-1.55798
4.69132	-3.05691
6.66953	1.67967
-8.17639	-15.8194
-10.4853	-14.5472
-14.6383	-13.4217
-10.3033	-17.9534
-7.13074	-19.9246
-4.2016	-19.0335
-2.6933	-16.1729
-4.11229	-12.3321
-1.17562	-11.327
-0.833355	-10.2648
0.807923	-11.0061
-4.91511	-8.37094
-8.86294	-10.8964
-5.04238	-18.5005
2.24352	-15.2866
-1.09729	-12.7356
2.56887	-19.8553
-0.489985	-9.11311
-1.4086	-14.6351
-1.44925	-11.696
-8.60113	-17.3604
-3.89427	-19.5186
-3.54591	-22.0376
-7.69173	-21.384
-2.20798	-26.0799
-2.97419	-26.0762
-4.82924	-27.9545
-6.44039	-28.8902
-10.5759	-30.1345
-13.5072	-33.9315
-11.3557	-34.4586
-11.1536	-32.7443
-13.2979	-33.234
-13.2999	-33.5654
-12.0084	-32.6184
-7.16804	-30.8457
-4.35928	-30.005
-4.7456	-24.8989
-6.52022	-24.9144
-7.05037	-21.6296
-8.38015	-19.726
-5.01556	-20.8609
-2.90561	-22.441
-5.06059	-19.5895
3.1111	-19.512
0.375227	-13.9819
0.305007	-10.3919
-2.63773	-9.29717
-3.04115	-11.4693
-5.84738	-3.40524
-5.2441	-2.72217
-10.4648	-14.8064
-15.7548	-22.749
-8.93886	-32.413
-10.1403	-32.5703
-11.7668	-30.6303
-14.0566	-28.2629
-14.322	-24.727
-11.08	-22.0858
-11.302	-20.9924
-13.2702	-19.4486
-14.4794	-15.4574
-14.2222	-14.6658
-8.31237	-13.0653
-5.16278	-14.6996
-2.65326	-14.3922
-2.59667	-13.0459
-5.74643	-12.8852
-0.23465	-9.67289
-7.18907	-17.3313
-7.08375	-17.1873
-3.27912	-7.64972
-12.4679	-10.6609
-14.9877	-9.40636
-14.3472	-9.90795
-9.93329	-14.4987
-8.34985	-15.7541
-7.13615	-12.5879
-7.83588	-9.95152
-10.7965	-9.16916
-11.228	-9.67576
-6.25681	-16.1471
-10.1537	-12.6787
-4.63093	-6.7044
-4.22236	-8.85473
-1.58106	-16.1733
-4.90074	-18.3843
-1.02616	-8.0027
-2.98301	-17.0539
-4.67728	-10.4129
-6.47291	-9.83459
-4.60034	-10.9753
-4.05479	-15.4377
-10.484	-29.0648
-10.7311	-30.0091
-8.84029	-28.3506
-9.9128	-26.1515
-7.00871	-26.7551
-6.07432	-26.1852
-6.12433	-24.3878
-5.04665	-24.8259
-9.0082	-19.98
-9.27305	-17.777
-13.3185	-13.2772
-18.2145	-10.2122
-16.8068	-13.7892
-16.7328	-12.759
-17.4858	-10.6313
-16.8012	-12.0004
-19.6289	-10.1362
-14.3444	-14.2108
-10.3648	-19.3115
-7.97081	-18.52
-9.14928	-14.7594
-10.1796	-14.6899
-10.5902	-15.8947
-10.4298	-15.7293
-9.79278	-13.05
-7.55401	-16.4789
-12.9235	-12.9958
-10.2795	-13.046
-9.80143	-13.0535
-8.44742	-11.519
-7.88753	-8.13617
-6.6238	-10.8263
-8.83503	-11.2136
-8.12975	-16.1117
-5.45423	-15.6421
-3.21129	-19.3783
-2.05368	-20.0663
0.929742	-15.499
1.08137	-16.0061
4.2232	-18.5637
5.02002	-18.8694
5.50484	-16.9967
6.44174	-18.3988
3.50129	-15.8718
6.42715	-18.2681
5.57892	-19.076
-4.87559	-15.415
-8.70896	-3.51168
-8.49575	-3.20931
-6.81853	-4.75707
-8.35347	-3.19336
-6.08971	-3.21307
-5.17362	-7.30783
-6.87236	-7.39953
-8.7971	-6.1732
-6.43028	-7.03946
-5.96068	-13.799
-14.8642	-6.94674
-13.1908	-5.46598
-13.3511	-5.08005
-4.74456	-11.2546
-4.60201	-12.4935
-2.54274	-7.54319
-2.22846	-13.9655
-0.988958	-15.5689
-4.03364	-9.85526
-0.627339	-12.6294
-11.7346	-13.0343
-9.03465	-12.2384
-7.06215	-12.6919
-8.33102	-13.5412
-9.00469	-13.7707
-10.0021	-10.8251
-6.22031	-16.0779
-6.27444	-17.7883
-6.64335	-20.4026
-5.93275	-21.1255
-3.99631	-22.8281
-7.15107	-18.4372
-2.54099	-16.6751
-4.79697	-18.4969
-8.3097	-18.814
-5.81314	-10.9699
-4.46725	-10.1627
-2.36579	-12.1162
-7.35928	-10.6566
-4.83234	-9.16767
-6.13935	-13.1008
0.987996	-2.63678
3.73077	-5.2109
-1.31672	-11.9112
-1.46634	-16.3507
-4.43515	-11.2164
-4.25872	-10.721
-3.3549	-13.0361
-4.50496	-14.9636
-4.61626	-18.6971
-7.60418	-19.9792
-3.90852	-12.3106
-4.88319	-14.0552
-9.5	-23.0619
-10.7337	-26.8109
-10.555	-26.8696
-12.4154	-22.9292
-15.3484	-20.0398
-16.3188	-19.5546
-14.6702	-22.1552
-15.2451	-21.9246
-12.4936	-24.8382
-10.0076	-22.1236
-9.39769	-15.9295
0.435589	-18.0731
2.49457	-15.0448
-2.61951	-11.9828
-3.42228	-13.9166
-2.60931	-15.6857
0.0380029	-15.7592
-1.36737	-7.47507
3.01811	-10.7876
0.728137	-8.14988
0.346386	-11.0558
-1.53056	-14.8078
3.85303	2.67079
5.17857	-3.33095
4.61497	-3.04326
9.49158	0.0391454
9.19172	-3.81567
6.0299	1.92043
4.88962	-2.62333
8.60741	-3.69832
10.2291	-0.892972
6.54498	-1.25121
5.02372	1.58297
6.57988	-2.11473
7.54651	-1.05546
7.82601	-2.88329
-2.22356	-20.6678
-14.6314	-1.75791
-14.1866	-2.10407
-6.94338	-1.33617
-4.1534	-6.297
-2.81214	-7.85829
-5.67434	-7.54816
-6.18639	-10.1493
-7.16247	-12.5104
-7.67931	-11.9018
-5.32765	-10.7115
-5.72943	-10.8203
-3.2471	-13.6084
-4.12837	-12.824
-4.41834	-12.2411
-2.61739	-10.5468
-3.24775	-9.46086
-3.79331	-9.4479
-3.12304	-10.942
-4.63871	-10.7757
-4.72878	-13.5272
-5.20183	-16.3719
-5.47264	-20.3852
-6.79831	-20.2022
-3.21397	-11.4058
-3.20385	-11.7672
-9.95511	-3.11119
-15.5542	3.08824
-14.3046	2.57654
-15.3534	-1.94254
-13.2974	1.40276
-15.2237	-7.88714
-6.88779	-2.40215
-4.1953	-12.6235
-5.65821	-7.05467
-7.29914	-12.0611
-3.5985	-15.8237
-1.02426	-18.6609
0.294276	-19.194
0.607131	-18.369
-7.12995	-14.9927
-7.43116	-8.56678
-6.09016	-6.70689
-5.08277	-8.27289
-5.90999	-7.44205
-4.66403	-8.62614
-5.67745	-8.18034
-4.42615	-10.8036
-4.25724	-14.9487
0.502032	-21.7909
-2.67946	-21.2284
-1.57442	-21.97
-2.56977	-20.7502
-3.47191	-21.0979
-3.51394	-19.7884
-5.88363	-13.4986
-9.05508	-12.4972
-10.4788	-13.2036
-10.5947	-12.5436
-11.2363	-12.1666
-12.2169	-12.7527
-12.4878	-13.2348
-12.7015	-13.7653
-12.7096	-14.1946
-17.8154	-8.91213
-19.3423	-7.26766
-21.5078	-7.91446
-22.4819	-9.49072
-20.6726	-6.88101
-17.1679	-9.88795
-14.0479	-11.6183
-11.3795	-14.3029
-15.0914	-9.38077
-14.6157	-5.54919
-14.4496	-7.32035
-15.9484	-4.7551
-17.2101	-5.73018
-15.9937	-5.78083
-17.949	-4.21871
-21.2438	0.39594
-16.7811	-0.600262
-5.31068	-6.06625
-9.43936	-3.40507
-12.4727	0.935729
-18.8088	4.39115
-16.8624	-1.72786
-14.879	-1.61573
-14.7279	-2.20729
-13.4444	-1.72661
-11.6546	-4.85611
-12.2762	-7.66689
-8.38355	-7.00457
-5.78321	-7.35529
-5.5709	-12.0546
0.319041	-3.73523
-2.83646	-10.681
-3.06066	-11.1855
-6.94602	-17.5042
-10.0144	-14.5121
-10.2319	-11.124
-10.2467	-11.987
-3.8339	-14.5648
-5.57835	-14.5104
-8.79368	-9.18775
-9.54101	-8.85691
-9.00465	-9.15378
-7.50492	-8.34048
-5.9654	-8.39729
-7.15583	-8.8623
-5.04351	-9.28451
-3.91134	-9.59469
-4.74177	-11.2931
-6.49148	-14.5467
-6.35077	-17.3224
-7.84983	-20.3319
-8.01355	-22.1781
-5.09403	-25.2716
-3.60907	-24.7229
-4.53005	-23.4151
-10.5905	-20.2257
-11.8353	-21.9912
-13.3357	-25.9411
-14.7615	-22.5102
-10.6623	-21.2067
-4.79571	-18.221
-3.03736	-20.0897
-6.81925	-5.16386
-13.1448	-2.30406
-10.8658	-6.41678
-10.8845	-0.493754
-8.61271	-4.90588
-5.53647	-10.5796
-7.15393	-9.61014
-5.22556	-3.51038
-6.24724	-10.1448
-5.79585	-11.6522
-9.37733	-26.2721
-14.3375	-22.8515
-14.6541	-22.0121
-7.63755	-26.9469
-8.05809	-25.4832
-12.5417	-17.498
-13.2834	-13.8271
-20.0761	-8.13789
-15.7283	-8.89294
-15.0279	-7.15485
-10.3992	-12.5768
-5.08936	-7.19254
-4.81808	-13.7038
-5.58026	-7.28377
-2.08367	-3.46384
-4.29989	-1.48613
-7.95809	-11.7529
-8.24764	-14.1641
-8.87842	-12.0831
-8.41426	-11.3274
-7.58584	-11.1003
-10.8297	-9.4125
-10.1833	-11.0978
-2.50095	-12.343
-2.60892	-13.7149
-4.83383	-9.78793
-2.8138	-5.70832
-10.1817	-5.96489
-10.3317	-10.4997
-8.80241	-14.0589
-10.9141	-13.1034
-12.9538	-13.7925
-11.0461	-16.4744
-10.3674	-18.1651
-8.4488	-20.2048
-5.93716	-25.2596
-7.37877	-29.2606
-7.96624	-31.9383
-5.48152	-37.4261
-8.49985	-35.7411
-9.04893	-35.955
-9.81222	-35.2045
-10.1788	-33.6035
-10.8135	-34.9148
-8.58671	-35.1507
-6.90242	-35.6082
-5.25508	-33.6007
-4.48671	-32.3752
-1.64988	-24.9705
-0.10825	-24.6423
3.69401	-9.1644
8.23037	-1.6842
7.10447	-3.51973
4.3313	-5.66312
4.93429	-9.97371
8.08331	1.03499
2.14754	-5.9462
3.66729	-2.95337
6.41724	-5.66902
8.60104	-4.99261
9.41454	-0.0877105
7.302	-3.99589
-13.311	-8.30919
-7.52473	-15.0998
-8.13532	-10.4741
-10.2092	-17.6119
-5.12231	-20.9198
-5.62638	-17.1075
-2.6242	-16.6112
-2.77696	-12.1421
-7.67515	-5.90206
-10.3416	-10.6562
-4.65984	-13.8364
-7.08599	-8.48485
-6.8554	-4.51682
-5.26943	-1.21614
-11.3369	-5.27906
-8.15586	1.58135
-8.59249	0.609379
-12.028	1.52956
-5.22878	-8.26869
-6.1907	-6.27257
-3.64096	-9.87203
-12.3084	-19.367
-18.191	-13.1272
-15.1825	-15.4008
-13.9165	-13.2109
-8.52018	-18.9929
-7.05439	-19.0994
-5.25237	-19.3847
-6.48028	-17.8948
-8.22075	-14.0045
-9.22944	-12.1421
-7.85021	-9.85324
-7.63083	-11.7714
-6.47604	-11.9843
-7.55369	-14.8214
-5.19572	-18.6607
-9.17308	-13.5997
-7.20504	-9.77538
-4.02244	-9.94044
-1.52948	-7.41876
-2.02759	-6.68369
-8.86581	-6.09556
0.30149	-1.83297
-8.44032	-12.7193
-6.4046	-16.5179
-2.94687	-13.9621
-3.3995	-14.4941
-3.94628	-14.3947
-7.3497	-12.5978
-11.6872	-12.18
-14.2812	-12.4348
-20.0181	-6.71762
-21.6927	-5.61498
-22.9603	-5.1048
-18.6166	-8.7196
-17.068	-8.04922
-15.3995	-6.4605
-11.2523	-10.7858
-7.2945	-16.4224
-7.68212	-15.2578
-9.99945	-13.2832
-9.60839	-12.1299
-11.4149	-12.7671
-11.1456	-11.2856
-11.2225	-11.9883
-11.8739	-8.49861
-10.4742	-9.9672
-15.5344	-12.9312
-16.542	-13.7089
-14.4587	-9.61731
-16.3021	-13.842
-17.6337	-21.8948
-16.6107	-23.9536
-18.0601	-27.2657
-15.8693	-29.3264
-14.7177	-30.51
-15.8784	-29.3943
-16.3304	-30.323
-11.9321	-33.4547
-11.8609	-30.056
-8.79695	-29.311
-7.56902	-24.6305
-8.37965	-21.1354
-8.6346	-17.6818
-7.20503	-17.7694
-6.35738	-18.7418
-5.77463	-12.8852
-4.24002	-9.61419
-8.08427	-3.54315
-10.8763	-1.89042
-9.9476	-3.78739
-4.63971	-6.44375
-1.19431	-6.06778
-2.89774	-6.76036
-5.99704	-8.54375
-0.753027	-4.96408
-1.66513	-3.45044
-5.47526	-6.72285
-9.15084	-11.6644
-4.1946	-3.85811
-16.486	-1.76197
-21.047	4.17845
-19.3368	1.69918
-19.5292	4.73622
-17.8375	3.29239
-15.1601	-4.43111
-8.55369	-13.7267
-1.02503	-12.5665
-10.9636	-4.5873
-16.8117	-1.60975
-11.5289	-9.04297
-16.5999	0.146953
-6.7233	-3.18005
-13.9405	-11.3486
-14.8829	-11.362
-18.48	-6.54299
-16.3319	-4.937
-10.2102	-9.30202
-8.92149	-11.0007
-8.371	-10.084
-5.44407	-8.83719
-6.18127	-7.89758
-6.44747	-11.5229
-9.63192	-8.94395
-10.9181	-10.5464
-11.3687	-12.1707
-13.58	-11.2701
-17.0285	-10.4631
-18.7068	-11.061
-21.1235	-8.26818
-14.7403	-14.5164
-7.57151	-5.45199
-3.35952	-11.0855
-0.696743	-11.4382
-8.54616	-14.3638
-2.38328	-13.0689
-2.94974	-11.7919
-4.08642	-9.73481
-9.15753	-6.33381
4.01795	1.31751
-1.19815	-2.68935
-5.96109	-2.63015
-6.49579	-0.176429
-5.60552	-2.28671
-13.3518	-5.28038
-3.89051	-9.19155
-2.81483	0.0388683
-17.0742	-13.9144
-16.7528	-4.9501
-16.0552	-4.08076
-15.51	-0.290669
-14.3576	-1.60803
-14.4975	-1.37809
-14.8216	-1.42579
-14.0191	-4.9193
-13.6411	-3.85398
-16.0723	-2.75191
-10.4008	-9.60457
-11.8581	-11.2818
-14.8202	-14.126
-18.6606	-11.5792
-21.4137	-9.45462
-16.0119	-9.35472
-17.9208	-9.41032
-13.9217	-8.69702
-11.1019	-7.66711
-9.26021	-7.35311
-9.02299	-5.37599
-6.21822	-5.17633
-6.45116	-4.13313
-6.12512	-4.03265
-8.1112	-0.269048
-11.0408	4.87531
-12.3643	2.94075
-12.1492	-0.919976
-11.5631	-1.4164
-6.30957	-4.08141
-5.13426	-3.36005
